1540
9676
8892
3924
968
2784
3344
4496
9304
6368
5068
7752
6376
664
2836
5652
1264
6208
3764
8832
9812
7944
8560
1268
2976
4268
5400
6980
2876
3128
1584
8380
5552
8992
8644
8464
3020
1276
3188
7512
8288
928
6628
8596
7028
2708
3480
8368
4212
1764
8476
7908
3488
8432
4548
8228
1964
9804
5484
2556
5772
2404
4532
4952
4152
1080
8084
8272
4040
9052
5076
2528
1520
3724
6520
4504
9452
2204
8068
6480
9460
6268
4512
816
1088
5836
9788
6724
9592
6676
9512
9596
5704
5820
7768
1788
6392
9700
1740
8612
4540
7076
8832
3288
9224
5296
7440
2636
8604
5496
4724
1524
7188
6532
5640
9568
7956
3524
2268
6632
5868
628
1196
3232
4792
8316
7692
6824
4004
5612
8660
7752
6756
6136
6060
9644
6376
8912
5880
9964
5428
3772
1144
9544
2316
1936
7112
8248
3352
2716
776
8612
5988
9772
3984
2280
8252
4764
3744
6060
9040
7092
1856
7916
1800
5692
588
4892
4964
7760
8224
8152
7252
7636
6000
3492
6552
8932
9968
8804
4024
4584
1440
1020
5732
8700
1888
1532
1604
3104
3988
9952
6996
3484
4760
6844
5452
5836
6488
9092
1480
7640
1292
4964
6204
9760
5244
7116
3688
6836
7324
6320
7292
3788
968
4852
1372
2184
9060
1768
3372
5492
8188
984
996
4752
7656
5440
6952
6612
9100
2132
4688
2112
9208
1012
8780
8696
3608
3128
5116
3672
9544
9280
548
864
9268
5228
7572
5116
9784
2228
4484
2932
3512
924
9860
6784
3388
1092
1520
6756
7412
2528
7784
5904
3536
5724
6352
7636
8864
848
6440
6816
2908
8388
5336
7920
4580
9116
1604
1024
5316
1632
2768
7952
2664
1088
9496
7196
2812
7632
9508
9188
4064
760
6832
9752
3224
3244
3052
9072
2308
6436
2696
8396
7712
8616
6940
1760
8828
9916
6836
2996
6476
5960
5976
628
6952
6696
7428
3172
2472
1452
9624
2700
7444
9004
2228
4208
3352
5212
2372
3576
5076
6416
9012
5832
4588
5076
8132
9860
3648
3940
5564
8396
1732
8500
5084
8476
2732
6252
2352
8936
4588
7656
5492
9820
2132
2100
4036
7704
8068
7580
7132
5692
5776
3592
9752
6124
864
888
9704
712
6236
2488
2884
7832
1192
9008
5624
2472
6460
2484
6500
8768
9580
6524
8188
660
8396
6384
9440
9612
6072
6816
3860
8200
4876
2948
7288
1028
4788
3204
8124
5224
4372
2220
660
6560
2016
5036
1436
7364
612
5228
6192
3356
1308
5704
1240
7008
2724
7920
4648
4504
1192
2396
4360
8348
3176
6572
1104
4648
3516
1532
9784
9556
4172
1788
8168
9492
720
7292
1720
6856
4204
2488
7808
6112
2632
9996
1988
1708
8024
8752
9248
7836
6480
7048
9036
7764
7000
576
8948
5704
4768
4404
2332
8868
1812
2904
2416
3836
5072
1708
3872
2412
8420
5784
4468
4280
2120
3640
8644
1368
3196
6624
608
6260
9692
6596
6760
1440
9476
2996
696
7996
9996
3132
