5732
3880
7493
8741
7037
9981
7406
7350
1072
8217
4797
9403
3835
3840
746
9212
2188
9707
5788
8407
8871
8025
6421
3867
7466
1744
9042
5903
4269
1342
3238
4731
9334
1860
5489
3211
753
8813
6109
6346
9178
5120
3751
9495
4142
6107
3637
6576
3572
3586
325
8330
6074
79
6360
4229
3368
1450
1109
866
1143
4101
1644
3215
4232
9538
1438
4113
4537
1231
1895
3254
9399
7356
8433
369
5072
4498
7427
6508
4470
8525
4770
6839
8389
2585
4937
8167
6362
1858
9119
406
8597
5478
9295
8313
1186
6852
9760
6285
1953
2909
2600
7243
5203
6801
2232
4466
3228
5462
6542
4032
1684
1352
3268
1478
8455
7713
4353
9330
1508
8699
2339
8358
135
935
2345
8997
3471
6296
4973
4624
2996
2673
8879
6036
2646
1751
3825
4656
9623
2039
546
9207
3829
735
5001
3251
2919
2364
5665
5678
5159
8197
3388
131
309
9593
6540
6538
5475
6391
7687
7573
95
9520
7024
1354
5941
8723
3745
6302
4324
1410
7813
5070
1123
1930
5342
6982
7923
3782
9702
4587
7651
6777
7284
4195
8125
3187
2871
3188
1025
7547
3354
6444
5388
4889
9181
2751
93
3164
4936
4932
1519
7187
7191
8782
7125
8773
505
4494
2599
9488
469
6626
2866
221
3603
5149
4651
3912
7370
2026
1722
9955
8361
939
8797
3303
5225
3981
4166
631
9840
6813
9901
265
555
6884
5832
8836
1416
2420
9274
2754
1196
5898
5859
459
7011
4678
1051
8229
6573
9963
2828
7875
4696
8469
7093
8094
5454
2081
1034
7303
4178
511
3218
3635
3462
817
2033
1509
5909
8753
3339
6853
5642
1209
6051
1862
3171
9613
2738
7201
4655
5674
2228
3160
2055
6896
7134
905
3104
4174
1341
7127
6972
3755
7436
6512
3124
6418
7181
7345
3609
4946
9033
1971
5247
2541
1348
1437
3410
9645
7107
8181
6946
6337
9129
8171
4557
3705
1779
2555
4903
2342
1107
4059
7341
5345
2239
8398
3118
6683
6708
5659
6438
853
7637
4224
4436
1545
978
3097
2958
9058
4315
348
1625
3587
4372
8046
613
5577
2626
3892
8028
9192
8617
5458
915
6280
5026
8292
3523
736
1001
7445
7346
7903
7745
288
8017
7514
8102
60
5879
7237
2839
4370
7329
2497
2668
245
1070
1996
522
927
4680
4454
2780
4934
3046
9857
7990
2318
9341
5302
5725
7490
2293
4615
316
3403
6043
7679
1214
2808
4544
3589
2482
612
4916
2022
2969
2425
565
5655
8698
8512
467
3364
1842
5181
4306
7689
8943
1806
4646
8278
8878
7815
9737
8507
826
5542
1294
1600
2761
2749
4855
2562
3039
7464
1944
595
8007
479
7337
6824
3920
8927
7456
1249
6606
485
3400
6387
622
2613
9844
155
4672
9206
1840
1426
71
7133
888
7735
3802
8499
7584
7478
4611
9385
2704
7971
3413
7317
7593
4966
675
4835
6108
2886
7366
5684
944
8126
9602
7755
446
2401
4666
6509
7485
9095
7086
1141
3025
272
8731
7922
7077
3677
4817
1812
5174
2254
9996
7184
3381
8530
2865
3624
9877
2549
4747
586
137
6993
3121
9902
8641
9625
863
3649
5348
8024
8095
6316
1582
3538
6364
3759
9430
1197
6007
7131
3744
5191
2601
3611
8353
539
7752
1749
7473
6865
4579
1218
7776
8855
7440
9469
2961
6739
9261
8550
3988
5185
6339
9781
8681
2623
358
4899
7193
8599
3393
9987
1041
4401
3207
3056
6355
304
2062
8578
3573
7988
1645
4495
3437
5820
5471
1664
5067
9636
6915
5981
258
2676
98
1854
6634
2788
3445
9651
6146
2377
5208
5883
9715
2747
1469
1934
1050
9708
6599
1024
6622
814
9624
2642
7761
5591
8712
37
8838
5213
2132
49
4821
7101
627
9956
7631
2838
6548
845
7391
176
7380
395
5333
4895
3830
4062
3345
4645
5612
7374
8692
2392
5404
5907
9845
2534
4849
7627
8158
6371
7347
5311
3310
2456
1441
4311
686
3407
2820
6617
2807
5954
3259
8199
3176
8805
6481
6429
7487
204
6274
4590
1144
6695
4675
4028
9646
7049
545
6780
3816
9415
3560
7230
9356
2020
2034
9916
8931
2777
4873
4319
1675
1615
6726
9263
4277
6372
9785
6176
6368
1578
9874
1047
9483
409
3590
3841
4297
5492
7298
898
9827
876
1281
4099
6492
7554
5236
4183
3680
984
740
268
9075
3275
3441
1444
1010
8690
6214
805
7946
5855
9450
8449
7985
396
6863
2485
2307
1547
5314
2379
3648
3028
9998
5373
465
2275
7753
8622
4227
2914
4292
2786
9090
9523
4320
7732
6431
6753
1405
9262
4938
8809
1113
6565
7989
8018
4230
3167
1062
3434
1486
7367
7563
7330
322
3163
2906
9319
7105
7840
6733
6129
9236
2632
9763
3917
6439
604
6497
2048
4093
7220
6967
2297
7919
6898
508
2986
8734
9251
6225
2729
8417
4171
242
5328
4746
6399
2234
8846
9332
1539
1408
8448
9080
9835
4264
9437
4299
3554
7138
5378
9515
9288
8000
1771
957
7433
1162
5538
9053
6210
2927
5567
1261
4474
7954
2449
6247
4785
8445
5009
32
3964
8967
4030
591
2192
2821
9511
4976
5852
457
5386
9128
1491
7635
3414
5326
1493
8161
8720
6887
1422
3136
6653
3446
754
9596
8306
1167
8454
4161
2631
5714
5356
8436
6810
5845
7997
7266
5680
7482
7463
2302
5402
2946
9983
8688
4221
4701
9122
1570
8316
9786
4019
2700
8064
274
2899
4955
7772
7656
2007
4124
1389
3743
241
8549
3870
1824
2787
6430
8068
5955
231
7157
7424
8483
5162
4356
6096
8408
6977
2834
7257
7666
452
3174
7078
4638
4082
7575
2962
649
9626
7596
2455
6423
3151
8995
3913
7704
8388
6763
8818
6321
1892
5849
921
1078
76
6552
7392
2639
7312
2417
8892
1524
9757
7822
7943
2154
643
5560
772
8724
6436
1216
8964
8210
8736
6406
9158
3818
3999
8053
6631
5841
3059
6313
3451
5436
8338
7738
7892
6334
3148
3806
5867
8551
5293
5825
6934
8541
8560
1987
8775
6271
7655
196
7628
5127
5881
10
6209
721
5670
8446
1234
820
2281
5834
3650
9126
3308
8151
1301
6198
3962
8211
4189
9175
8424
7817
7784
7781
5870
6173
7692
8317
9011
4783
2895
946
6347
6442
8173
42
5429
8267
252
260
6889
5769
5585
5202
3893
9897
3615
2368
6120
9492
7244
709
3628
6142
5013
119
3758
6384
9678
6098
2223
9525
6679
8727
3456
4707
7066
99
9471
8319
8142
8890
9952
4443
2129
654
7792
4584
1481
3716
3014
464
1931
3949
2432
8093
2327
6493
981
3343
3223
4473
771
4261
2073
17
1794
2030
3955
6299
5289
625
1964
7444
3568
8325
7654
5759
5367
2951
2225
8352
8298
4012
6404
3487
6148
1065
1676
2439
9241
1161
4851
3083
8707
9292
6861
4410
8275
3919
9491
2426
123
9643
6798
4285
6559
7158
7271
7578
8831
3741
5161
1764
4796
937
9936
375
6737
9294
2380
3233
5334
1538
6975
4046
4745
7189
8357
1105
8596
1476
8065
8457
4657
1501
3033
5153
7633
4700
5988
7670
924
2911
8761
9296
4582
9389
9571
3651
6138
8536
1031
6765
5339
191
5553
6480
5545
7525
7838
2539
526
669
9102
1377
6760
6986
7234
5617
5784
3559
438
4931
7160
5166
6201
9377
5517
4860
848
4730
126
5521
8978
9346
3438
9204
588
238
4033
1778
253
5340
1054
1207
4
7545
8006
5958
6901
2280
3570
7765
3942
6011
82
5447
4884
9268
9479
2576
6818
7501
8121
800
4613
7741
1314
1693
7866
4497
7924
8505
6787
7169
5372
2010
9597
359
8032
45
2817
4412
5100
8721
4501
2535
7767
1943
235
6687
6547
4738
7454
4420
3957
7399
8660
8052
2742
1976
9290
8989
326
1417
2837
7900
1935
9066
4051
5848
3444
25
5198
6396
5873
4953
293
1736
8788
2590
7075
7120
4691
3318
8214
2214
8254
6858
679
4044
7373
209
3693
9557
1211
273
9168
775
8678
1402
7481
5082
259
9741
8421
8228
360
1586
684
2809
7966
1766
5238
2179
7413
4862
6195
7509
4925
4141
528
2716
4541
1580
3131
7534
9549
2496
8762
9723
2150
664
3119
3796
8246
1966
2399
5794
1705
8114
2698
1544
1309
4355
7081
8011
4933
5568
8260
4566
8270
9202
2750
2505
1092
5430
5273
2602
8850
7368
7300
4447
8856
3082
5455
2547
7414
3156
9402
6541
1465
1807
2400
2684
1412
3186
5463
4374
9200
6670
1212
7564
1378
377
2351
2155
8743
8069
3911
3054
7249
1760
5316
3668
8631
5390
2083
9149
4191
4054
9051
6607
6106
4409
7112
5079
7229
1345
9411
1628
2092
8562
6283
2509
8830
5281
1506
44
1369
725
9863
5872
8183
3099
6771
8903
8941
7476
4998
6093
6019
6610
7128
8677
257
3813
5347
2849
2926
9637
778
6882
7907
8695
3630
8610
4622
7207
982
3450
7517
4066
4708
2436
645
2348
7096
5468
9512
3443
6488
1755
9693
3133
4169
4551
5748
7450
5115
3321
1011
2173
2077
9519
9017
3063
3466
7770
7983
832
199
2855
8268
6463
9880
5603
7831
841
1273
1443
5951
6054
3179
7766
9076
2945
7778
9044
1531
5838
128
621
7708
9299
8634
3662
683
8750
1199
7820
2645
2766
1013
35
5141
8348
4260
7494
7441
8265
2016
6533
1257
5066
6900
7027
6707
3704
6752
3129
4234
1023
2124
3853
152
9932
3673
8326
6699
4184
7717
2454
1514
9270
8375
1396
8406
130
6010
8584
7215
5905
8489
4969
2004
7122
8717
8431
5301
1016
7469
161
2611
3101
6412
6246
729
5573
9730
4422
6326
8606
6408
338
6224
910
8365
9414
7305
5057
3927
9272
3807
4846
5109
9894
3836
5625
9907
8632
2097
9390
4752
4077
5644
1358
9552
3786
6303
244
1319
6078
1873
5081
5379
1632
4886
3366
3158
6782
9812
3655
3105
9156
2922
9947
2857
1033
1896
2046
5524
3667
2964
2047
3452
1326
1799
5566
7883
3838
9505
3394
1770
4366
2489
5059
7880
4531
3008
4382
7402
9432
3948
1202
1304
4929
3102
2789
8337
8714
3231
5912
5618
1743
1810
6092
623
7782
3493
890
566
7567
6415
4350
2728
6735
148
6293
2204
314
6796
7531
1574
7348
6642
7219
7707
3996
9653
2261
2384
5675
1541
9556
1044
3070
3871
6903
6095
1267
9966
6000
9257
3390
4688
2791
8179
9783
7459
1767
6110
9931
107
1000
9376
2699
2443
2361
3907
9807
3638
941
7439
4211
8595
1292
794
6744
9961
121
1999
7829
6066
968
220
8465
5729
1112
6755
2635
790
2796
9101
4446
7062
7727
2243
4411
4252
5259
5723
4352
698
1219
2098
3283
4308
4952
670
2727
7371
9335
9687
7400
4516
4865
2191
9104
5828
5739
5508
972
1660
1194
3358
5953
8115
5147
8806
907
9971
4111
8568
72
8394
5399
4301
3241
5053
5700
1353
624
9965
6647
2298
641
3270
5858
731
6168
2147
3078
4527
1851
5901
7324
9344
9686
2340
2771
2770
6300
8798
9062
1942
548
9550
9008
9091
5011
5530
2153
6906
2492
7136
1588
8335
7056
2943
1420
7407
3296
7139
1151
5237
2530
5510
364
9395
3847
9391
9363
6191
2434
9922
7470
4275
514
4948
4469
2411
2681
4098
2763
7917
2446
9465
1581
949
8996
1254
8982
6593
8106
6784
3499
7827
1763
3810
4223
3426
9209
3332
9787
5365
6522
7377
8709
6286
4667
5061
544
2609
9197
4070
9425
5763
6703
3185
5896
298
8574
3516
7616
7902
6943
1730
5227
2141
5172
6265
9154
6076
4697
2678
9957
6632
6832
3194
4106
8825
9369
5833
6859
7526
8412
4535
9658
1138
9911
1583
804
3746
5413
6651
9166
2430
4081
4805
1782
572
4075
3432
1614
2176
5910
3602
5818
1877
7705
5978
7235
8035
1284
8041
7714
4061
7045
5146
9213
8075
8932
7409
691
4905
3306
33
8472
5984
8040
6762
4786
73
1601
3408
6741
77
7664
9176
3300
7208
6996
7069
4567
4378
4339
5831
3837
9607
8073
3210
6085
5494
7314
5108
422
7807
2131
8556
3666
1297
3265
7477
31
3058
3533
7301
9440
7871
9022
5291
226
2170
7952
8885
8858
9890
959
4717
2104
8230
2334
1709
8772
5048
4513
4338
3232
3191
2794
1719
2884
8120
5139
7434
4040
6382
8904
4965
6068
9482
1635
9028
808
7172
9003
3261
3565
5552
9005
6175
2303
1609
8555
7805
6910
4231
1098
7801
1512
919
8703
3373
1175
653
6276
2282
8322
3477
6114
6414
3503
9603
8963
8169
6050
210
537
7790
1706
53
7141
9721
9868
1150
2209
6623
3514
7050
3987
3553
6196
661
6397
4510
460
1968
7793
5662
9029
3193
9255
1922
3317
7893
9232
8848
751
9329
759
2310
4156
5650
998
7261
3550
6262
5635
7550
1414
6925
9605
9514
6132
2862
5889
1941
111
1445
1007
3154
3159
9714
6964
2920
88
9049
6523
6349
5350
2823
8573
9018
7824
8402
551
3051
2251
8953
7340
4733
7660
2256
780
5922
6086
1591
380
1
2382
4621
827
2948
5586
7549
2619
7530
4011
9093
506
1374
7393
9517
6880
3021
185
5740
4245
7200
884
5722
4445
9439
5930
3756
7763
3951
3459
2657
9841
2315
8485
973
8552
9489
6646
1409
1970
5137
6059
5956
7292
2682
6648
4538
3663
5746
4300
8664
8908
7166
730
5983
4650
5679
8755
1271
5884
3714
738
1008
434
1018
4800
2569
7926
8372
5796
1643
1346
6995
2722
9226
3491
4764
5803
8935
8473
8803
175
3292
5030
5839
9864
3227
5588
1602
6048
7297
1413
7008
6126
1874
9942
2408
6598
3448
8794
5327
8523
7321
8341
6079
8653
3878
7834
7397
3613
8137
1670
3472
1932
7890
9881
688
6734
2701
1079
4523
5533
3501
5272
8401
5252
3787
9041
2255
7449
301
9569
1453
9941
918
7355
9804
2284
4661
9463
8036
8427
8428
825
9789
1089
2552
9843
9720
5254
6057
4241
9824
5374
1847
3243
3013
954
829
5329
3342
5216
9473
5397
5276
177
4848
2518
6730
7543
8154
6704
5123
1391
7548
811
6311
2759
4067
8356
7737
9472
1844
6401
5564
5284
3862
7887
7936
5817
3348
2264
994
5950
1663
5920
6927
4684
9913
3804
3500
8984
2087
4429
6144
2582
9984
8854
9072
8602
8756
9198
2762
2263
6837
6006
1526
8395
8887
7385
928
1312
223
977
8639
3640
7588
8585
7881
28
4525
6966
3541
4487
1633
9710
4616
4216
143
8672
2051
4861
609
9818
5060
6468
1689
9910
3569
5414
695
3349
8919
8958
1648
7149
2718
9892
4941
5039
634
676
402
1127
417
9978
81
5499
4041
461
7995
6581
4163
9703
3267
4887
1846
9778
8091
4220
3421
5184
7841
2941
4307
362
4071
5043
159
3618
4140
1168
3879
9116
2349
9141
1093
7226
318
2301
4735
1110
3307
6959
2421
3765
8344
5695
7581
2111
8877
7042
5483
673
6783
5629
9186
6956
4560
9164
5835
1801
2574
1750
6232
1056
6879
5304
1563
1818
3641
9073
2845
7126
2084
3290
2891
7228
6222
9109
1940
7994
620
9739
3007
1499
1379
8826
8983
8003
580
6367
78
6922
2376
8581
5246
3515
2447
3621
2259
6688
5844
5157
3333
337
1240
9392
816
882
2636
5691
1002
5509
3150
6507
878
7574
1320
7876
6290
4775
8248
3402
1845
857
4180
5250
6958
7642
4612
5868
4115
8450
2905
7408
4361
997
6307
7756
9400
27
2999
4954
8628
183
6420
3509
1912
2577
5331
6080
1415
4550
3475
8765
4123
9657
581
2237
5687
5385
2720
3411
5693
1458
1359
6124
510
8808
1449
4991
6557
3043
8027
9642
3100
43
2304
284
8508
5431
2566
923
636
8222
3023
6692
295
5295
4863
4209
3175
2829
2805
3969
7744
5944
6829
7542
5389
262
3882
5762
1258
8557
5550
3935
9410
4379
5150
9578
962
7976
5049
9470
1630
8515
2703
9608
3347
451
1208
282
8591
2169
1904
2359
2564
7115
2305
8965
1875
3857
7511
4915
4135
4425
8021
1480
9365
4831
5482
702
2898
6461
1504
7927
2868
559
9480
5148
8544
5241
2478
4595
9445
9705
8949
3799
3395
6770
1471
1902
1295
205
7349
2013
5728
3435
9047
711
703
9074
3355
5669
207
6719
5248
379
809
6563
747
3356
3397
7669
9481
5119
6220
7914
7051
4416
8621
3769
9267
5511
5183
8166
9765
3976
400
9231
6823
6673
9797
9504
6885
9861
9782
2620
7685
8364
2830
7733
4751
3280
9524
5022
5233
4712
8287
7896
466
172
8160
4727
3134
5210
6862
4309
1908
2319
8987
9340
8732
4769
1315
6340
9689
367
1980
3072
2003
7710
3734
2908
1356
1397
5948
8656
5780
3599
8343
6672
6115
5738
5581
6521
8116
859
2836
80
9246
9311
2249
8281
2186
524
8928
795
1915
9054
2253
5776
1223
8107
6761
6591
1765
9991
4243
791
2907
9887
6304
7626
5268
9960
8262
2656
7965
4314
8911
1366
2332
8302
1327
2244
5041
6405
2316
1077
4788
52
9909
8090
3234
6374
9326
4389
8594
7513
1910
7018
5779
6390
7304
7263
6911
1697
9699
7009
1466
5117
6503
2424
11
6038
4793
2236
4990
7912
4558
1994
5133
1681
5242
4091
4492
2524
1021
7730
5556
116
5337
1435
6978
2804
5767
2595
399
8405
4036
3221
7602
6945
2435
9327
1153
6990
6678
1137
5620
7188
1924
9284
2483
8235
8948
3767
1187
3993
1522
8019
6402
4556
9429
9441
5051
8697
7750
867
8789
471
806
7958
349
1997
8917
2501
2233
1220
8616
2277
8733
6643
8493
408
9455
6587
4335
2971
5590
8277
4721
1700
5924
8713
9435
6159
4448
8558
354
9566
9717
6608
12
5045
8961
9144
6973
2521
2538
3936
9503
8488
732
4190
1122
1195
8236
1777
8374
681
5089
7180
3324
5894
5608
7683
5292
6370
837
569
3658
8891
4982
9266
2313
1655
1776
8986
779
2394
1952
8244
4421
6097
5103
4877
413
6143
9943
513
5383
8212
3113
6410
8397
8141
4125
1381
6661
9885
1951
2744
2618
3900
7209
869
4326
707
6501
1926
1678
777
8666
1855
7159
4128
4281
8801
2103
1533
7382
7179
4705
3770
3972
4837
6630
373
5628
2669
8200
9777
3953
1502
7291
4836
9690
2688
9668
1938
6455
5827
5882
7857
2274
1629
5279
4547
9666
7852
1696
2932
2856
2939
289
799
3002
2031
1789
5125
2404
575
6917
2803
3844
4839
4529
2291
4328
1784
5296
7435
1343
6612
3952
2032
1929
7605
6803
8253
4069
1587
7532
2477
2910
2579
6314
9468
3974
8905
896
8076
7211
657
9574
6709
3757
6234
7359
5812
5375
7140
3085
3631
5163
5224
8849
5719
3166
6301
5846
1313
1225
1063
9595
2533
6343
1189
3575
6717
4883
8912
4979
171
7506
8497
5654
2975
1687
340
2882
1703
67
1557
6489
7650
6127
3376
743
3881
9314
767
5747
6485
343
5418
874
2450
6308
1004
5791
3869
1179
4014
4606
1269
2802
5403
1149
8539
5267
2502
8534
1837
2109
6039
9979
9087
9811
7700
6202
4451
2076
8475
2113
1229
680
324
5815
2881
2978
1376
8411
1052
8839
4881
9749
3891
2580
9238
9854
9522
694
5597
174
6595
4018
7539
9530
2510
1336
5996
157
9203
1979
3774
421
1081
1224
929
4485
8823
5708
5751
8566
9424
4755
232
812
5186
3125
3071
7556
9451
4024
3518
3910
6938
5969
891
3647
4358
1656
2041
871
9046
5886
8588
4725
4890
2292
1260
2869
5098
8992
2693
9958
2982
3026
8744
8144
3674
2498
6457
5005
9324
4343
6918
5171
3781
7280
8002
188
7417
3425
2160
9828
1742
3006
4804
6351
4593
7074
6328
4989
8419
2156
8264
4643
5090
2854
7571
8156
9259
424
8526
9886
2819
3172
7500
1672
7794
3282
5516
1955
9630
2017
3994
7979
6432
4490
8220
9442
5442
8719
3639
8500
2119
5965
7489
908
7690
403
2117
8474
2182
7674
6193
6422
9860
4844
8001
7785
5771
7600
8589
7884
4956
1946
8307
6621
7104
8057
6453
4129
4394
8516
1589
9533
6574
6047
5865
2545
7908
1685
8340
2571
819
18
2743
8350
4633
1960
1350
3715
5914
1017
2735
4524
2641
8716
4437
9343
9612
1373
9100
9665
8439
7165
5324
7053
6023
9532
5933
6322
1916
6667
6218
236
8422
1800
1688
7783
4921
3812
7309
5962
6258
3029
6914
903
6666
1649
9038
127
2575
3464
1967
576
3336
9546
5479
1367
493
6750
3226
286
9120
5648
3457
6842
2717
9276
932
757
1920
40
3824
5507
8378
1523
8045
5306
2826
3932
4349
4542
996
4891
3966
1500
557
7147
6179
2106
6808
6244
5842
6082
2938
5900
6456
9130
5192
2858
2460
9253
3182
474
6181
6263
8370
2207
7227
4794
5726
486
1255
5416
8835
7872
5131
3720
979
4845
948
7956
722
8580
8706
3597
651
4950
7630
4397
8453
3643
389
6359
7387
9563
2888
1720
9976
8586
3439
8030
6526
1704
3866
4629
7150
7694
6746
3269
1235
83
4711
1817
6378
6160
6987
5025
9478
6003
2056
233
8471
9045
4689
9945
2605
6831
6498
7202
3738
6226
4198
6145
8649
251
7002
1769
9758
5214
4631
2005
2752
677
5322
6876
5890
1620
7218
9809
2122
7672
4928
6764
564
9446
6951
4341
9917
6682
8569
8942
1701
158
5947
2565
3566
9620
7541
1204
4344
8284
9247
2138
7325
7607
2210
1534
4597
3142
3011
5576
2880
5113
3363
9905
1863
1003
4828
3495
7618
8494
2412
5215
8866
6041
7499
7231
4250
9962
7680
5420
4031
4620
4972
4653
3079
9316
3656
765
5822
1482
2325
786
9838
2921
9694
7308
1724
2915
3577
3946
3761
7034
9131
7746
6317
6766
7197
3301
353
2812
372
5580
4897
2528
1210
9350
4009
1171
887
3132
394
7864
4327
2145
8895
283
3488
3614
5871
9650
3256
7972
5795
8563
385
6152
8383
7597
4894
9300
2463
68
1550
9214
5180
1340
6886
5343
7259
1712
110
6104
5473
5537
5321
3701
9404
3894
9110
8132
2902
7272
9077
1439
7
8817
3897
8221
7035
3995
6636
9039
7617
8554
9870
5639
8872
211
4812
5938
7863
5415
3359
3661
8122
219
6024
8381
8938
5226
8479
5426
9490
3548
6895
3698
8291
2358
5939
7302
4608
6306
9733
8787
3970
4922
504
3679
4074
8380
2916
850
1106
3062
470
7562
187
4154
644
9674
9832
427
3558
499
7725
1039
3947
6460
3539
6413
8082
8062
577
815
7306
9339
6711
2491
2988
8105
7718
5528
6162
4020
1076
5619
2784
9685
345
1947
1805
6305
4732
9338
6800
6257
7814
8728
4578
2685
307
1467
6028
6249
6101
2213
4771
2670
7048
6157
291
9161
4201
3582
4063
6923
1636
6604
5918
4399
4035
8304
2680
5449
9819
3326
5975
2553
5439
760
4472
8924
1850
8459
230
8659
4809
7636
9536
4094
8258
6881
7527
4918
2687
8283
4428
3005
2065
6919
2045
4951
2025
7747
1456
9007
1115
9281
1654
9768
5484
1368
9858
1200
8832
8675
8682
4390
8447
5593
50
851
63
2825
266
1553
2360
3601
880
6486
7033
1861
376
6936
8670
637
1679
2764
7787
6184
758
7003
5305
8274
1384
7812
9750
4843
4695
1577
9148
7806
7108
5624
5998
9121
3433
4039
2480
784
606
5694
4644
589
6199
7937
7194
1798
570
3959
9541
6275
6948
5565
4316
6736
8906
3417
773
5781
5758
6592
8119
5923
2078
7095
5760
615
4034
7981
9535
311
208
529
8434
6312
1853
1012
4432
8980
5968
7970
5456
7842
1300
8561
3181
4322
3916
3001
5126
3279
124
5290
8241
9882
8084
8049
8843
601
6178
104
6464
8430
4813
5514
3034
1239
7802
7579
4963
9428
2429
1064
296
1691
7250
7555
2774
6279
655
3353
1094
3183
6002
267
715
7467
2205
164
8870
877
339
8673
3360
173
8851
4782
7269
5682
7365
4682
2940
1515
7894
582
2901
3117
5285
8149
9189
3387
6797
7905
2071
1172
6989
7185
4194
5793
7551
1906
426
5466
7576
6034
7566
2444
342
5074
5487
1981
6970
5503
4110
8627
8646
3122
9309
5546
4852
7591
3625
3831
4774
9233
3415
4564
6267
4064
2928
8950
5260
3297
7277
3409
6561
336
2810
2453
9577
444
4027
6289
4639
9476
6245
8900
55
7384
142
7428
9999
8972
1825
3557
9731
3092
3328
1328
931
8204
1662
842
8460
4554
9726
7882
6676
4333
4802
5970
3885
9980
3003
8044
4572
8529
2085
490
141
9325
8163
5027
4791
5702
2245
4278
7974
2726
9527
6237
246
8146
4768
3984
8451
5869
3528
7910
1190
69
2655
6231
7173
9866
6207
3719
5341
3963
4119
4850
6491
4710
774
6118
6793
3610
1869
3153
3110
9906
248
4375
9724
4504
4456
3461
689
5497
6215
8209
5877
3690
160
4254
862
2093
496
9406
6452
1325
7326
6963
5535
4669
415
3934
61
5887
3428
9878
5601
9487
7779
9542
2184
269
4588
2321
9228
6939
4677
275
9573
7505
5470
2134
7987
9852
217
1477
23
1555
9477
6016
3135
3031
6353
5106
1030
2247
6937
8811
162
7007
5165
4461
6030
5459
7518
4102
9345
9825
5575
9779
2350
6450
5206
9136
6912
2246
4888
5312
7870
5666
7491
9240
854
7789
4249
2557
728
5757
154
105
182
4442
5004
6026
4371
7645
5646
8168
7022
5124
6166
7833
5698
1666
8841
9194
6004
8674
638
4628
3532
5091
5734
7878
7376
4131
6785
5
290
8650
64
6757
1657
16
3365
365
4997
2167
4758
9627
4803
881
3392
764
2695
6469
2500
5033
10000
8004
682
1834
9671
9572
5336
8215
6040
1529
7001
4902
255
8722
5824
5902
1032
3986
8929
6021
7315
8072
5095
8662
1852
6407
9982
5652
1548
3513
5229
5467
8700
8945
8438
1641
4637
6135
2643
6187
374
9036
9103
7638
1838
4467
2288
1247
6309
7270
3406
6250
7468
6594
3958
3921
1155
5979
9617
9055
8583
462
4197
1488
2127
3617
8999
8452
3157
2621
5957
3144
2216
6611
6169
9107
8802
6685
828
7412
2075
3120
9177
4521
7808
5270
5002
4165
1118
2974
4387
714
4999
3924
6700
1822
3737
5405
2042
9888
5411
9900
9796
4149
1702
6119
1579
1468
4056
1321
1733
4763
5813
5298
4940
3856
5583
3939
752
7537
8834
1230
3798
7897
503
8288
3173
4589
9784
2976
5307
1848
2329
2001
2797
6379
1513
1617
9459
5381
4100
4810
639
7856
9862
2267
1036
1061
3139
7453
4598
112
1520
370
4086
6005
834
4619
8768
3502
781
4181
9821
3872
1559
5613
541
9040
1215
59
9096
1274
8415
2418
2608
8414
9970
5195
6778
5657
7431
7344
2578
6872
3249
3108
6102
8392
6544
125
3865
3474
383
3728
706
7114
6403
2367
4549
6639
7585
6338
942
5750
8770
9551
7869
1638
9534
2488
7999
5121
9394
4475
6242
1865
190
8223
3482
1823
3152
9353
8654
1543
9006
8985
1086
7313
4385
4386
5441
328
3024
4592
1095
1835
7451
6137
8944
4820
4496
1640
1404
8282
6530
8113
6388
9647
8977
5310
3141
992
6596
9618
7381
7214
6001
2391
4417
8334
6997
6715
8651
629
4816
7168
3205
8243
9021
7604
2495
1959
5423
404
579
598
583
9865
4182
8774
6446
1829
3405
1542
783
6805
9659
5263
7155
1551
4005
4072
6377
7622
5078
7217
5888
3742
5696
1841
8420
597
2583
4284
2036
3580
3524
7984
3369
9163
856
9600
5792
7102
6802
3060
8440
8625
9548
2725
3821
9016
8807
5717
5023
3702
2650
9408
5396
5012
2227
2514
4391
478
8150
4192
2760
1221
6502
5176
8952
7913
3660
2663
2397
4772
418
7010
8685
1746
2903
3623
7757
6722
1418
7991
9591
3815
9923
193
2177
9348
4097
9719
494
5220
985
2596
5437
5676
4912
7171
8186
1014
1217
6789
983
6052
8979
9683
6131
9088
7768
4741
8010
9631
1884
7268
5178
2181
823
5626
4272
5641
2357
9155
974
4076
4930
1699
3740
5050
5175
7092
3576
6482
2118
7859
6650
9576
6323
2633
4395
9282
5040
8491
1572
2714
9387
6846
9648
9004
75
84
9735
7190
662
1498
2271
8245
3316
547
3779
6366
6150
798
3323
3726
224
6277
331
7023
9656
6794
442
9113
1263
8048
4199
3520
74
5843
8152
6259
9587
6192
8902
2508
6376
3928
287
9745
7740
8147
4924
1160
5496
9438
6935
5798
1424
2123
7465
8297
6570
1084
8060
741
6213
2847
1473
5182
1945
6282
933
1646
3041
5130
8923
4053
6354
3230
9037
2309
5144
433
5749
7020
556
1870
6874
6864
8907
8255
9384
9926
9205
8746
9304
1475
4911
6998
2200
7137
2283
1395
1889
5574
2096
5097
1147
2278
7281
4084
1360
8037
1723
671
308
2162
585
2202
8518
9592
4679
5724
276
5038
5615
3038
26
5355
1859
9173
2208
8754
4576
4971
1251
9012
1759
9867
3710
2960
7608
9553
8607
4841
1647
9237
3168
9185
9496
458
5774
7653
3876
7868
9019
118
6125
4832
2089
855
4400
1431
608
3112
1201
1180
554
4479
8874
3476
4325
1510
6383
7825
5925
1768
3820
302
2336
687
1272
9310
2950
5488
51
2833
8464
5633
4858
247
7861
4761
4219
7925
1461
6417
6203
416
1474
2859
1871
2559
2423
1560
7507
4087
7372
4407
802
3192
5541
3567
5093
6615
1370
527
3111
3794
8303
9373
7474
8339
8785
2558
5073
4585
2471
6141
7726
5188
2294
5992
5927
1228
9967
2769
5105
146
6779
1165
6962
2061
1293
6426
500
1307
2306
6532
22
1881
5179
454
3404
7540
7021
344
3607
8696
4617
2860
6577
5801
6518
5187
6240
761
6088
8234
5000
1537
538
7587
9751
9590
108
9681
8272
2090
8618
4992
958
4618
1100
6629
9413
2441
4202
4749
7416
3378
8973
515
5697
7319
7258
6433
9949
2998
4176
6171
7457
9847
6870
8176
8300
5243
4599
5562
6856
5501
2000
2842
225
8005
3382
1282
390
2933
9305
3686
8409
6580
5554
3591
3374
1009
7283
7665
861
8758
3978
1919
2473
4200
4716
7673
7247
9220
3868
243
4298
6933
8227
4974
9805
8193
2664
531
6037
803
9803
5808
7809
6698
9810
6812
3595
6843
7837
5099
3424
4878
5352
1432
2273
6320
3642
7612
2930
4799
9588
2588
4896
5604
2354
2320
4818
4571
7992
2168
5170
1248
2586
8413
2671
1532
9968
8988
4685
8195
2997
3350
6725
9366
3975
7144
2406
7070
9663
6788
4089
7030
4882
6961
2887
9826
5742
8575
2536
4967
6883
4665
8910
6055
7164
1097
4634
6950
9701
6174
5614
5303
8862
1978
8140
1788
8043
6094
5145
1713
1205
5393
7950
836
4534
8671
1986
8403
9564
3340
7019
2864
120
9691
3980
6949
593
8777
6638
2531
8098
1990
917
5764
3713
5712
3505
1899
5985
5596
8108
1306
8629
3522
1585
6614
8177
5412
3019
7736
3727
2330
3874
7339
525
1386
2419
3483
4080
3286
7061
4010
6116
4610
9589
7777
3219
5980
7644
9081
3239
552
6454
7848
9112
9405
5982
7851
5727
2840
9171
7503
1455
3753
9407
2107
801
9328
4482
4173
6373
3909
9677
2193
6775
3138
2690
5830
6287
7528
3583
9727
1428
912
640
5315
6516
8816
2793
906
3143
1793
7343
7338
6470
4206
2386
66
1525
6163
1393
9475
7973
6332
4029
724
945
4235
660
5349
6578
8213
3309
4923
6721
1256
7646
2215
1905
6537
3828
3511
4265
2707
3044
1690
7709
9544
8148
3497
7510
8679
2873
4777
4440
2344
2550
6295
6012
2387
2900
4121
3898
6440
9084
501
5549
6969
1516
56
6562
1119
3240
1495
2335
5966
5916
388
9929
6899
1125
7152
7335
830
3096
7186
9117
8315
8484
4460
5282
4980
6947
1683
4908
7275
8216
9125
8478
4880
8946
6849
8386
1540
8918
1069
9908
5638
6077
3037
92
1479
7860
6330
5931
9729
748
8969
2806
1005
534
1965
8318
666
7599
705
7610
9944
3260
2783
9277
3325
481
2044
2912
4126
8225
8916
7174
5086
980
315
8321
484
8495
5068
2651
472
9190
7719
8435
7073
2224
4517
4647
6281
6466
2438
1184
8796
6890
5190
3055
7529
2956
3442
3061
5435
8940
584
5976
3077
3237
6073
9924
8752
7199
578
6437
699
1237
2852
5419
5736
5713
6427
8873
2490
1665
2691
4506
429
9320
2148
8103
5401
9162
2125
7310
292
8178
4013
8196
8382
970
8101
6233
5621
6158
5092
7124
4000
2563
6834
950
7279
5623
4636
1154
6130
5512
6506
1530
5688
9614
3068
5217
4759
3731
3711
6298
6913
6014
7286
6206
8131
2980
8747
2637
9170
8767
5737
550
2105
3707
2091
6590
818
4909
6992
6477
807
9928
4520
6183
4570
5741
4257
1403
9397
9118
1867
2627
9509
2028
1163
5875
5382
574
5398
9454
8066
9269
5630
7960
8503
9725
4021
5278
8572
5424
285
1265
9502
4807
7565
1487
7252
2885
553
883
5829
8138
9312
4798
5730
6844
1885
7419
7938
4826
3106
7013
2705
2848
4840
1276
7110
7311
7163
2628
4321
6167
8410
4594
14
227
5154
8501
2853
4438
843
5164
672
2798
6216
4690
9031
3416
563
5854
9876
297
5690
2166
2165
4283
8059
8889
7933
8577
3903
1918
6681
3895
2959
1048
821
3703
9474
8899
7904
4022
3391
3664
145
1364
6345
7948
5960
3508
9271
1278
9183
9853
4483
1111
8861
6531
8155
9052
7816
3447
3688
5069
7052
7036
6601
9639
3453
4563
7383
1977
8779
6221
3991
6217
5228
4270
2452
8328
4008
1517
5417
6535
5667
9673
2427
6462
3706
1739
3771
9753
5271
2644
4079
3320
1347
9337
5660
3361
8194
7328
5699
2993
2984
277
6822
8136
2180
3177
8947
8368
129
540
7255
4988
8684
9354
5637
7282
2587
6515
4465
3762
5015
4145
8157
5008
7177
3470
9371
7663
533
4789
8833
5122
216
3977
6609
7403
3257
3764
8864
8320
2461
3694
7472
8226
7521
9108
6888
4271
4172
1725
7016
7639
4757
7175
1803
6342
6155
2353
3800
4995
5582
4276
7143
9799
9223
3574
4505
8648
9032
3178
5055
4687
2660
9193
1969
1561
9918
4847
9621
1275
4596
8390
8590
2614
9973
8351
6428
2142
4742
7351
2957
1399
3319
7334
2815
6200
463
8819
7362
991
180
8294
607
2889
1634
7205
1598
4970
2037
3200
1222
788
3973
4833
8593
9245
7318
9950
701
7697
9165
168
9308
1182
4208
3146
6292
8029
2238
4602
6847
6694
7862
7295
2066
4459
7085
1245
916
1042
2362
7693
3899
184
9123
109
1995
8192
9526
5446
5937
4983
4403
3805
2272
3657
6799
6069
9712
9974
1595
1133
2157
899
47
3547
3776
8342
4462
8517
6071
8039
1727
411
3931
6567
5703
4654
5643
6499
4961
3968
5160
5034
5753
5167
483
7098
8869
2746
9560
5664
4095
3262
3834
7265
5745
9393
1888
9953
5721
6712
264
3629
7178
9972
8249
6357
7911
7198
5778
9898
4565
1427
1324
5600
3752
7606
4822
9460
3288
8615
2843
9872
6705
3985
7728
4043
6871
1631
2270
6435
4709
3224
2944
9884
194
7242
9381
9097
9688
5358
2110
744
6099
8971
3551
7836
5452
6053
9773
3066
4312
8367
4993
2183
3785
9774
1878
8793
6714
8117
5797
9641
254
9068
9306
3930
4347
5661
2824
9291
2196
7492
7886
6156
5065
1717
4237
943
2317
8812
4640
2844
3536
2054
2606
7889
2835
3027
3775
7749
2079
186
5816
3654
3827
2068
7941
356
6854
7429
4601
1457
6811
926
8738
512
3700
215
4132
5766
2415
7071
4872
9700
8921
7240
9184
4603
2108
7041
5362
6070
4354
3040
4574
6527
5244
7059
5425
8033
860
5409
3022
2709
5258
2827
9912
9896
8771
1618
2556
2913
9682
7853
2987
2355
4415
2967
3763
7299
2694
3362
4162
6424
8693
1752
401
7047
4536
652
7014
239
2937
1158
6728
5493
7696
8442
7544
5940
4458
6058
8379
3780
19
1385
6294
103
6117
6697
9883
3004
1596
4345
717
674
9767
9172
5999
9599
4017
2
7135
9106
8612
7353
2748
659
2403
4426
611
4419
3088
8524
7357
9283
4648
7032
3739
3634
8081
2381
4874
8416
6471
7609
4148
6272
7058
8708
2063
1117
9191
7236
6674
8224
5132
3155
5707
5685
3633
5019
2638
9539
8100
4365
9713
6960
4864
7055
3377
2977
9766
7039
6836
7891
9948
4975
5332
2082
3384
7873
5460
7929
8359
3213
8250
7273
3331
5394
8757
976
8571
5823
5129
151
4734
9382
6605
1470
5836
5651
1802
4449
5915
381
346
7225
768
5309
5261
7146
5705
5526
4917
5592
1442
2499
8377
8083
4906
3546
1029
9584
4302
6182
8336
5551
2662
7771
897
2679
8926
363
46
6600
594
6827
3480
8481
1613
3585
5239
468
7423
7005
1045
2640
7647
6710
3896
8347
240
1317
3542
4693
9915
7810
2395
9179
4573
4218
4754
8611
9770
6819
4787
4242
8323
1460
4431
5532
1213
7874
1176
8852
8605
7196
3823
5357
7332
2158
9243
7421
3777
4698
166
5346
1259
8086
9260
7934
3090
3697
9145
536
4078
6032
5863
9048
6720
7153
5363
4815
5539
7586
5453
3489
9234
1283
9676
7342
4170
9115
7839
6965
2896
8295
6465
8189
1626
7106
4188
3797
4686
8187
9800
9249
3264
5972
7054
1886
4217
4854
114
4694
5440
6333
1434
690
930
8954
263
6500
7975
6907
9616
2324
885
8511
1019
3748
3749
4519
165
5317
317
4649
9808
658
321
6229
9698
8293
5602
1440
3367
6857
9899
9078
630
9842
6264
2135
1289
2428
9500
4351
6056
7495
2936
3271
1452
7386
1554
228
3274
2311
8175
9622
449
1809
6
2757
4635
5718
3370
6476
2818
7256
8232
1055
2775
9085
3967
9448
1917
2981
8301
6851
2409
2120
7504
147
6635
8532
7064
8715
9027
2130
6121
1989
3961
8252
8543
9510
9221
4406
6035
6049
7978
2416
8492
8760
3594
6671
6336
4049
7734
3852
271
6555
7516
6017
2101
8620
5445
1754
2675
5840
2931
6327
6136
6748
1430
4331
7080
30
5959
5686
1562
5451
1068
4238
7953
1599
1060
2407
332
951
7568
1270
3199
7959
8863
6031
3997
3944
8314
1243
5520
3145
1159
1357
9321
1775
1252
4248
4703
3725
8286
6583
934
1879
5500
9986
5523
1674
8619
9611
7968
5221
6979
9378
8604
3845
6341
518
9315
2965
4830
5571
2953
3236
1242
5929
6603
1816
7830
3695
6740
1351
1604
2519
766
9964
9157
3937
4553
704
1883
351
167
6795
5636
3507
9064
1950
3887
1753
3272
7379
8637
4981
2540
6940
5789
7121
24
455
8510
5804
2942
9609
5799
5945
3562
2994
8608
8190
5656
2371
8976
5277
6165
838
3747
2149
3619
3069
2374
5733
7701
456
1830
762
2879
1398
6873
3689
1116
8099
7154
8645
5384
1388
4486
886
2144
6517
498
3229
6627
4151
6188
91
7040
6833
1241
5111
6756
378
9834
3784
6060
7931
203
4511
4329
2689
8191
5995
6909
90
2768
2506
5223
2445
2753
8206
7595
6774
793
4569
4869
5495
1361
4583
3982
8498
4871
1958
1956
7703
1462
3826
6147
9035
956
5505
6809
1939
2161
9286
9452
3465
7729
4780
488
2231
1933
4336
5755
5701
5003
8643
6924
5519
8014
712
8009
5036
656
4288
2114
7668
3109
9083
9379
9610
1740
1126
2137
8038
7867
2226
8070
1891
8247
5987
9349
497
4006
8256
3954
2146
3115
6228
7945
4819
3612
8663
8363
2390
4433
7879
4256
6747
5932
7162
9494
6411
2708
6602
6551
3016
9704
7109
4337
4935
5151
8587
48
2221
7084
89
371
5647
7611
54
9001
6458
9357
4776
134
2692
8545
5338
4760
8626
4263
5085
8362
3293
4305
2652
9229
9303
4518
810
9160
4605
7183
8792
5450
4289
1497
1991
4715
2706
6524
8487
3018
3299
9082
6398
5997
3202
521
8387
9506
9875
9769
312
665
517
3652
5880
9575
2433
7615
4543
4552
319
9934
9210
7780
9486
6991
5949
2468
2814
1170
9374
4133
8857
3526
9604
2398
7461
4512
9684
7754
6971
1382
5071
5632
3030
9364
7336
355
2710
4247
716
7920
9531
9652
9775
4323
6197
7515
115
5422
6660
914
8884
1148
2790
2378
8609
1128
2863
8026
3045
3128
6845
5438
2021
6821
6817
8112
5395
8031
9585
3137
3266
9873
7577
5297
5943
5605
8769
626
6513
5809
2991
9501
5821
1954
2897
4766
6706
2493
4384
2241
1074
229
2979
278
8097
7498
8638
9466
7238
6061
2648
2299
7327
6350
6560
6063
7452
7170
2462
3278
3329
5704
605
1330
7849
6867
412
7980
7589
3529
7206
1576
8074
4500
2765
212
4274
2070
7949
9287
1527
9224
4737
2785
21
5826
9601
5921
3861
9747
7156
38
995
20
9248
1584
1073
8437
9537
839
4004
9748
8290
8865
737
519
9935
7254
1826
5476
4464
2522
3263
3420
9638
8559
9020
6248
3315
3672
1948
9137
9208
4526
5773
3449
2529
587
3052
9024
2629
8441
1090
8164
3017
2143
4367
7791
6062
7921
9545
4947
1104
5249
4239
6089
3965
7786
2199
3773
4396
132
902
6689
6211
4673
2128
4268
909
2012
5498
2268
6875
9265
9216
6848
849
9135
5369
8423
4509
9014
3622
432
4144
8778
2102
9640
7401
3399
2799
6954
1714
1132
9105
9152
6713
305
5847
9380
8739
3808
4441
7415
6449
9513
4942
9025
6386
8748
6445
3788
2115
1120
5928
4683
5917
4096
6814
2289
1505
8143
742
13
9159
5598
3379
6284
3276
8847
8128
6983
5543
8630
2024
3596
4944
3718
975
8893
4332
1299
1811
9002
9484
1569
9761
8669
5715
523
5391
4453
6662
633
5611
2064
8909
911
1323
2546
516
7760
9461
8207
8800
9063
2203
2732
2713
3811
8280
1735
9499
3385
5485
2822
8601
5094
8077
9421
5874
9823
3626
2366
9449
3467
113
7835
8139
4360
5283
3665
2140
2250
6065
6690
1622
280
9920
7083
7942
2121
9518
1571
8058
189
592
3905
8311
2795
4340
5994
294
8745
2279
5977
755
873
1785
3327
8925
8133
7535
1037
6677
1302
2813
3791
7000
1619
1169
4586
2466
2992
4388
1371
8085
5464
5518
4765
4104
9993
3888
7598
9859
5802
963
2287
4508
9670
1015
6111
1962
6467
8668
5963
8509
7151
3089
4187
2457
9780
2370
3793
5837
9089
3081
5370
6090
8426
9820
4303
8759
5325
5107
3338
4330
7006
8689
5029
8308
7446
7422
4463
1279
6363
6768
3545
9654
5330
7583
2758
3832
5177
6984
473
2512
8016
3346
4103
4398
6830
6269
5486
3543
2341
4898
5007
7496
5465
8170
6479
5974
5245
3165
1914
2352
5266
6637
6022
6773
2308
4856
9388
2060
4892
3510
1173
9293
1734
6944
2094
7389
3352
9333
41
5006
8553
1836
3423
5850
4575
2630
1091
5428
5919
8751
2459
7076
8633
6189
1897
847
5807
5587
4118
2035
8540
4945
1564
163
9201
5075
4609
8657
2527
8533
2328
6553
4291
218
8271
4210
5711
986
895
7624
6701
2929
1206
4295
9423
770
8331
5368
7475
213
3076
776
8056
668
7652
4704
2934
7964
7026
1020
5761
5743
2792
7508
1732
3904
2464
7634
9057
7982
8842
1303
4528
1925
197
2617
6806
6645
6749
3149
9317
9925
7410
6112
5101
785
1757
6738
1083
9225
9743
281
8790
9
8548
6558
6727
6018
3048
600
6877
9059
329
1747
8237
6161
4045
8273
1130
5709
7216
4515
2396
4348
5351
2567
5989
4150
831
603
7826
7722
5032
1316
3478
6008
1815
8786
8299
2570
8930
4228
8667
3549
4364
7068
3561
366
6536
4720
7623
3036
822
6487
1992
3312
9837
9434
9280
6976
5819
2731
1164
9302
8535
2487
8476
4016
1088
1961
8502
3814
4960
6564
1298
1492
1716
2258
4671
2622
5135
9462
2383
8089
3220
7388
4781
567
840
169
7657
6519
4147
7443
8975
7241
450
3396
3091
1549
4139
144
5197
6381
8376
5540
3383
3902
4444
4668
1124
938
7322
1322
8661
5076
4600
4868
1277
7267
8702
9801
5891
7684
8710
1773
4215
8956
8129
3544
5300
6792
648
4168
181
5561
7739
8263
3858
8791
8504
2410
5380
2067
7795
5084
7213
5256
7484
3065
8015
1085
3736
2658
2086
4414
2952
2198
1661
1096
2300
1911
2832
9419
7028
3766
9815
70
7111
2779
4007
9756
9559
3371
5645
5557
4994
1262
9543
3571
4829
2484
2442
8726
6569
5044
9235
9457
3754
8042
5787
6644
5205
9420
8080
2755
6319
3671
1318
3473
5264
6663
7620
9990
495
2918
4910
2187
1795
7648
6566
8456
9444
1363
6554
8883
8514
9285
7678
4614
7082
2151
1786
7360
2995
1928
5024
7699
6579
9516
7233
745
5772
7294
1608
9169
3050
6013
3849
1921
4625
4160
2696
2516
9831
1022
8676
1191
9199
117
2053
8624
5579
9728
7097
9664
4334
5525
7533
7811
3032
2139
9498
3242
8371
87
5971
2511
9661
9598
9061
3380
2525
1518
1236
7580
9351
4968
2486
2194
9921
9219
1565
9398
1692
1203
9619
5744
2778
9422
2723
2526
9746
492
7088
4002
2589
62
7819
8711
6534
4834
1291
7688
4026
8238
1894
6325
4719
4116
8897
4540
3926
7260
8764
2674
6781
6718
3552
9453
9372
4282
7888
8844
3250
1658
710
6616
4530
4286
6826
9242
1436
5856
4259
2983
3933
3783
4003
2197
3555
3563
6084
8310
4674
4580
9839
7361
8875
7248
1310
2059
8020
4607
8259
178
7721
8023
4986
3372
4267
4317
7210
2719
560
440
936
667
3684
7915
1796
2665
3035
170
1900
5622
2088
8527
9969
7520
7632
5658
8691
5359
9722
4641
8506
1232
435
1136
7012
8966
9561
6434
3042
4068
1131
5387
8061
6723
9279
9738
9132
9816
3512
4984
7015
4514
4838
8694
5534
8613
6586
9375
8815
6027
5143
2333
2615
756
2422
3772
7253
796
4920
1984
9975
9124
1857
34
4253
8088
4047
1737
1707
4642
7129
1485
9879
5720
4806
4964
1903
3733
8567
1567
8385
2625
4773
3357
7940
3419
8486
8096
6443
9094
9244
2954
1607
8329
8470
1972
3458
4296
2649
5255
7354
6505
1280
7113
3479
7797
7103
5062
1080
7799
3604
1792
1710
3206
558
3669
7264
6850
733
1053
3945
2878
4555
1099
6751
2985
4681
491
2008
7957
4240
9485
3322
2733
9180
5058
425
2702
5432
9167
9427
428
4304
5421
4196
4457
8920
9360
4488
602
6668
4762
8542
1496
5196
2470
7969
310
4728
6235
3809
4957
2776
8480
3273
5443
237
3337
1592
2469
150
2831
6729
6988
5548
7046
6352
7224
2220
1680
8051
8092
1489
335
2029
617
8054
7479
3685
8655
2850
4373
6928
2736
3675
8172
8981
7546
3073
892
4533
8546
2892
9736
2523
8203
2172
7803
8490
8354
8955
507
7928
4927
3169
6929
8960
431
1780
6968
6315
4904
8312
6496
2126
5288
1729
692
357
8859
4699
3093
3839
7788
7858
4662
8396
2893
8219
9583
3047
1988
2312
6490
3564
8547
599
8537
9067
2314
9256
398
3010
5080
4127
1864
4413
8936
4392
813
8867
3645
726
700
4058
7659
8257
1463
1927
4692
1375
9667
750
7274
5616
1612
4402
8233
7677
3204
4427
4562
4985
4214
5584
6696
8522
2023
8496
3485
4138
4185
3190
2924
4577
1880
4626
3084
1178
1783
1043
1913
7724
4722
734
3440
1849
9985
3530
4702
5361
9250
2171
4718
1329
2174
9869
5689
2773
139
4723
9830
3074
8933
8467
140
8519
9521
7561
5527
101
5785
3989
6916
4477
3678
6375
6072
1821
3000
9298
4471
7619
8466
9891
1627
4207
7614
4363
3212
4499
8279
5768
3717
1448
8218
4233
5262
5536
9594
8603
8810
7289
330
9252
678
2745
4158
6238
3979
4879
1035
6786
6212
4943
7570
4226
6767
3401
8635
2038
9711
8647
2163
2730
1558
5408
453
8012
7369
3427
2963
4581
8444
8333
1882
4225
1332
4287
7405
920
5913
5287
3735
3960
8937
7079
9275
1621
4801
7430
2222
3086
4795
9669
787
4177
1305
5578
2385
792
1774
4958
2604
844
7287
993
8182
270
5194
7447
9464
7661
3592
1711
9855
4913
1590
430
5491
7986
9848
7625
8345
3468
8305
663
6219
1156
6716
7613
9817
7845
1804
3455
4153
6177
4134
8239
5064
2248
7569
618
5671
2517
4279
1790
1355
5599
6790
9009
2503
1429
5112
5640
9493
7017
3922
5299
9771
9813
3314
4130
387
341
4939
9632
7293
6772
3294
85
635
6680
1652
696
3653
2572
3598
5677
4137
5253
5169
4423
3341
3422
2373
1142
8399
9565
1380
3941
7558
4362
5469
947
6380
4179
3822
9069
2949
8880
8598
384
6243
7916
2002
2014
9755
2458
3126
2721
6693
1594
3923
2393
3918
1998
5275
4383
1038
535
7331
619
7222
6658
3676
9893
7458
6447
8665
5594
5168
8705
9182
4294
7448
2543
9133
4155
5056
5280
6539
5876
7716
1192
2252
5522
1308
9904
7996
9000
6083
5547
7821
5218
9188
250
4455
5474
9258
4052
7437
3760
3600
5993
4342
693
8570
4659
4424
9940
7930
6994
448
2947
2015
9401
5754
2405
445
2178
6091
8740
156
3214
8683
8915
4739
7743
4108
7087
234
443
4713
9026
2049
3162
5257
1828
4048
7411
4748
9331
9065
2734
9264
7471
9127
5752
4875
6451
2616
1536
6514
893
9347
6310
7132
7640
6151
9358
1145
2242
8063
9752
4193
6149
8153
9015
2356
4266
6550
8432
9933
8783
9581
8974
9680
8071
5319
8600
2542
397
6348
7262
3696
1459
3436
2479
2414
2772
6020
2712
2594
6985
3302
2269
4962
122
2057
3792
9871
8914
6941
2276
7961
9507
3305
57
2331
9759
8391
5344
8165
4744
8951
7748
8968
8896
2581
8766
8366
7192
9555
5017
8538
1637
1511
9361
6139
6239
1820
1181
5269
5294
1114
5627
2923
4824
549
7723
6942
1993
2476
3020
3244
3225
6123
9467
7288
3581
1268
1464
8079
520
2551
7375
5063
7944
1057
870
5231
4393
5400
9790
8
4480
9696
3252
7378
6510
1390
1603
5035
3247
5973
1244
39
1659
3389
3850
2040
5783
3901
2756
3289
4726
3195
5502
3281
4452
6318
1193
7572
1963
5308
2672
9211
4926
6105
5555
1957
8332
9030
4290
3075
3184
3418
3846
1624
7116
6955
763
5814
5595
3235
3123
9456
8109
8513
1639
782
5323
1673
9431
1833
5232
9060
7358
7706
2612
4919
1174
1843
9010
8845
3525
100
8993
5114
8898
2451
4122
1831
8623
5110
4468
4977
4439
2116
7932
9433
6392
313
9660
7963
3833
1890
7939
4164
1566
6227
1484
222
102
1791
6369
2507
5480
5946
3180
407
7094
7239
420
5031
697
7742
7099
7204
3454
7486
5116
436
4714
6100
1698
789
571
7352
6385
4318
2326
2568
1787
3494
7025
7404
1188
4037
5235
8047
6483
5782
6869
334
7641
1372
3490
6684
7455
6044
1832
9318
2211
5173
1419
2597
9716
922
7119
1421
6641
5193
642
6185
990
7695
4724
2164
3925
4092
3255
3817
9718
2715
9355
4823
1433
4246
833
7901
8078
7977
3670
797
9629
7947
590
4532
4663
940
1756
7333
3943
5230
6820
179
858
5481
913
1290
1344
2347
8749
6046
3692
2052
5895
5529
1772
6654
5990
350
6742
4507
1006
5572
8922
9615
3222
6957
9174
2870
382
3535
5731
5200
9443
3620
8205
6618
8901
7854
4073
3147
9582
7123
6365
5853
9114
8829
9239
5908
3556
3114
1447
3217
1718
9833
7425
5570
3170
1556
1597
4736
6511
4105
6585
5211
4167
4146
3208
632
1238
3632
2369
8882
361
1102
2189
4359
7662
1026
8804
4870
5952
7420
8742
5037
5861
7885
2603
2816
4478
2875
9850
5128
4502
9675
6597
3712
3519
4408
3161
9939
2972
7364
9447
2811
8614
2697
9829
3883
8687
1898
6288
1521
6475
4057
3201
2841
8814
6172
3285
6358
9138
4310
6619
9793
2080
5155
9732
2402
8240
2592
6416
2741
153
6952
3398
8174
6769
3284
8208
2465
1975
8355
9217
8729
4152
7203
6841
1507
7316
6804
7519
5991
1152
6223
7711
487
1311
8642
3335
9558
6893
2363
7993
7167
2448
2890
4706
1651
6067
3130
8373
5681
5936
1400
7176
562
4083
4978
5434
2219
9792
2343
3504
3064
1058
6897
5313
6745
3722
3531
7460
306
614
2686
1286
2235
6361
3721
8443
3940
9043
8820
9568
8201
9386
7363
6589
4435
1982
7497
4042
1233
8701
8477
2970
2610
9147
4901
9692
8022
5134
7720
320
5320
6892
3855
1893
1728
7621
6251
6033
7065
2195
8198
9050
9742
6134
723
2019
410
6999
509
8309
423
1075
8564
3248
955
8461
4136
6878
5851
8346
7182
6204
989
2006
9997
2883
4015
5683
8735
6393
3015
9889
5274
1394
8111
4251
7847
6908
8991
7796
9856
6087
9426
2554
7396
708
4811
1814
5862
6495
1610
3873
1611
4767
7906
5765
5935
1686
3517
1246
4842
4107
3140
1040
2175
5201
5893
9635
7118
3386
2072
6855
7323
6926
9023
1593
7320
7488
1650
8231
2481
7276
5775
8579
8913
5857
6194
5222
9754
3724
9079
6356
7060
482
646
7846
1909
9954
2968
1157
9150
6484
2389
6669
8130
987
6920
1937
2654
7758
3579
4476
392
6620
2217
7090
7764
9222
2011
1185
3848
2683
8934
8780
6835
9409
7145
719
6866
1868
9946
2100
7751
9989
3116
9098
5251
200
1936
3971
6652
6868
1059
7480
7290
4729
1337
4085
952
7712
2074
1066
2737
647
1135
8521
5142
5986
2323
9959
2767
4114
8886
3095
2894
685
2472
9368
7843
4377
5046
3311
4055
9071
6164
3681
5140
1671
3057
8110
5878
5392
3606
4784
6153
6568
9628
864
1411
7844
6170
6691
5899
3484
8124
9606
2337
3859
3430
2653
4660
3915
7483
1253
9142
2159
4346
9795
2989
3375
2666
86
1387
2440
7296
7502
1139
2593
1923
5800
5212
9352
2624
4255
5786
9798
3691
969
9540
1887
2532
9586
4949
6324
6953
3246
2973
8644
2634
7442
7091
9143
8251
3431
1134
2185
1177
6628
9649
2800
650
333
6702
2112
7031
3584
1494
6255
868
7142
15
4559
9994
2782
6154
1731
6252
1362
4203
6556
9644
835
5506
6840
1642
3
4652
5047
405
96
7100
9919
9111
561
7559
5770
3498
5810
5544
8463
7951
1605
1668
1575
8324
6731
8285
1335
6128
7223
4866
6273
5631
8528
965
1183
3938
1101
7775
7063
5504
2365
6905
2218
9370
5083
149
7221
7967
2136
4258
4117
6042
2240
6545
3460
6582
489
6253
4493
9134
610
6122
5096
7395
1087
4743
6894
5427
6261
5366
5461
4825
2573
6932
9230
2290
3012
4489
6758
6260
3009
8369
5692
9416
3605
1288
7855
65
8296
6344
2598
9788
6394
3789
6624
3803
3768
2659
3929
1983
5364
5716
7759
9273
4790
3496
1819
1761
6208
5926
543
7557
5318
9278
9412
5673
6528
720
4023
6331
3351
6474
6395
7536
9988
8799
9634
8145
5014
133
3998
1264
9322
6029
7418
4481
6230
7462
4859
4357
7072
7278
824
6180
8828
5016
966
4630
852
5634
9992
9740
749
2285
9679
6236
3646
9822
4914
1726
2801
9436
1406
3412
5610
8034
9307
9342
6588
5904
201
5209
4568
5433
3877
6904
8276
3080
3992
9458
7955
8327
9930
1121
530
2647
2475
1451
4381
5020
4065
347
6981
1401
5444
9396
9937
8970
1682
5219
5649
5156
1383
6543
2027
3860
8162
8853
9297
1049
8781
6241
4484
4756
1250
7594
4885
6504
8959
8636
2265
8860
9056
5138
7895
4853
9218
4280
5569
4632
2152
477
3196
7560
7762
7800
8990
6009
368
7909
6776
2740
8640
6807
9567
8458
4368
3527
5531
4430
1483
1568
2872
596
8520
1721
2607
2874
2099
9977
1146
5010
4143
4778
2437
5457
2133
6186
4038
3890
3723
7553
3258
8876
9151
2724
4244
7675
2561
419
4222
8429
8658
4623
6656
2560
4186
6546
1748
5563
3983
5377
8881
7552
7823
901
7676
9672
1108
6529
4561
3103
3287
5234
925
9547
1907
2095
2431
1856
8962
6825
8184
3851
6584
4604
8289
1392
5118
4893
3708
5204
2295
9951
4996
8888
5860
2043
5806
9313
6575
3644
6081
5335
3253
3578
3291
7698
3534
8822
8127
5811
3298
3863
3094
6329
1067
6478
1974
7603
9367
6256
3469
1741
1425
36
6633
713
279
3990
6103
5864
2190
441
2955
7691
1876
8400
5490
7601
6664
9851
5942
7773
7828
2781
5354
1103
3197
198
9383
6400
4546
4404
6759
7850
6815
971
5964
5028
4779
8425
9099
8730
6266
9794
2504
9697
3884
4273
8795
202
3819
6549
8531
3506
7044
4112
7004
9762
8261
3486
5609
1472
7702
3521
214
7212
1781
8894
7089
7394
2513
9695
8462
6743
1266
6278
4987
1872
739
9418
2474
5805
2851
964
3277
2322
4025
5136
8482
6254
4175
4159
7832
4753
6613
8393
9092
3245
3778
872
9903
414
3750
9323
1866
3875
8185
9508
5515
5906
5265
8582
9849
9528
1027
6665
3189
9013
9633
5706
1446
4876
8202
7390
2069
1166
8592
5407
1616
6140
2266
6921
3330
3636
568
4109
6640
1573
9195
769
6891
9254
5672
1082
2262
6448
8737
9709
1287
7245
3463
7899
4376
5158
3795
5885
3087
3842
8837
9359
8680
475
3627
1762
8565
6419
9995
7681
6205
5477
2467
8118
7804
2230
1985
6025
7715
6297
3732
4236
7067
9140
5410
4907
9153
138
5088
7998
1454
29
9579
9570
2667
4157
6525
8159
2537
8135
6659
3216
9529
5207
3886
9417
3537
4792
192
1669
6472
2876
8104
6724
3127
7057
4900
7769
3588
3709
1046
8718
6732
7161
7307
8824
6838
573
303
4450
1745
3659
8418
6974
9895
5558
3429
6520
6064
2846
4522
2388
5021
953
2009
7774
9914
1808
4262
3313
7898
8868
7582
9070
1949
7285
6045
9846
1028
8686
7398
3801
1839
3699
2711
2520
480
4204
6675
9336
323
4090
7029
4539
3730
5606
6860
8349
3481
3687
8180
8123
5663
8050
1503
106
2296
1331
7592
5152
4120
4212
532
6268
136
3203
3683
4369
7148
5607
8266
1653
988
7438
6335
889
6389
6828
3198
6441
9187
1606
391
7649
2018
8087
3049
6409
5189
8360
2861
7798
2917
961
9034
3098
6075
2548
7432
2877
3540
3107
5961
1349
5104
7195
4740
5376
4088
5286
2544
8067
879
7671
9938
2739
4380
6270
2494
7117
2413
8827
7667
437
7686
4664
5406
5934
8704
5710
9497
7877
999
5668
9086
9814
1129
7523
2372
6686
1333
7629
256
9806
6015
960
1546
4857
5448
6791
4050
7731
4205
1423
4627
9139
2058
2515
7524
1528
8576
6930
2966
5735
900
5911
9146
8384
8134
2925
5353
5756
1071
8242
3914
2677
9734
2212
8784
8776
4827
967
4418
5371
9301
1338
4545
7232
4814
3864
1738
5042
8998
542
8821
4293
1198
3304
4213
7246
727
1285
1797
1901
3295
7643
1813
8055
6133
9706
6473
616
195
9580
4658
8468
1339
9655
4434
5054
7038
1708
4001
4591
6572
846
5892
5360
3608
7935
4750
97
300
5967
6902
5087
6649
4867
261
8013
7251
2661
628
4313
2229
2375
2584
7962
8763
58
6980
9927
9802
1227
2346
7426
2257
5866
1535
3843
5077
9772
5589
5790
1758
249
7682
9196
6494
904
6625
3950
2206
9362
9562
1226
7818
206
1296
3729
6657
2338
9764
439
8957
2867
8269
3492
8840
4670
1365
865
3616
3889
386
6754
6816
8725
1667
502
5199
1715
9836
7918
9289
352
8652
7130
5513
9554
9227
9744
5240
5472
8008
6425
1694
5018
3334
3067
6291
94
2050
1695
8994
4060
3908
3053
1490
1677
327
4491
5653
5559
3906
1140
3854
4405
4548
2591
3790
8404
875
6655
1623
2201
718
9791
3209
5897
1334
7512
5777
4959
1552
393
6571
5052
3682
299
2904
4503
3593
1407
6931
7590
1973
4808
4676
9662
6190
3344
7658
9776
7522
9215
2990
8939
8188
2286
3956
7865
2260
447
476
6459
7043
2935
1827
6113
7538
5102
894
