3098
957
6465
4252
5134
1286
7978
9351
1436
629
2306
9953
4989
6122
5587
6507
9444
638
1647
7357
5770
4836
3746
3005
6651
568
8846
1629
4934
5199
1534
6919
170
2213
4168
227
4496
7279
6862
3517
5552
3900
6144
1049
6446
2573
6381
3952
1396
2589
713
2637
8722
2018
5923
4490
5395
1512
1112
1010
5618
2260
3450
1782
9463
2581
8459
8439
2612
4882
3059
5919
9179
3516
2133
4303
5074
6546
2526
8550
5594
5869
1671
2916
5262
4036
5240
8798
6256
2790
2531
901
7761
9784
8117
3841
4423
9474
2470
930
7820
9033
8144
7907
5690
5461
3819
4268
6512
4695
3057
4456
2902
1446
7199
6605
773
6347
3041
6071
2961
9612
2831
835
1861
4138
1419
980
587
4276
9947
1926
3956
6706
293
8853
9747
6086
2122
5566
6432
1706
2597
1185
1962
5141
7038
7664
8137
1531
7706
2488
6129
511
4518
2747
1388
1642
150
1060
4928
6161
7675
7855
5576
6473
8994
2896
8775
6455
8286
4452
8022
1352
6417
3278
1515
6257
7785
3807
7530
2104
3869
409
8394
1028
1281
2551
8285
7583
6215
5299
1120
8561
5447
166
4644
2054
580
2195
4661
9029
6109
5316
9378
3811
2166
3808
3365
5724
2899
6647
6550
3377
759
6306
5434
2711
1250
3637
8423
3343
1807
1380
575
5079
9766
4616
5734
7799
8757
6066
6309
4652
5151
6601
561
3680
9140
4688
8628
6314
4990
5022
7535
7984
7748
4026
4005
487
4265
4986
5532
1211
7687
3750
1417
735
9394
4292
2144
2763
6785
4286
2366
2745
6488
6770
1829
1542
4780
5528
1738
7117
1246
7724
6028
2842
7042
7496
4648
696
1826
9203
8572
4514
7662
5560
2259
2858
4886
6717
6470
5037
2648
3381
2960
2983
5694
1086
4981
1017
5140
2907
6676
7852
3154
9962
6613
1231
7301
9519
1892
9077
3552
4352
5862
2928
4161
7336
7140
7584
2528
8218
4955
9009
9961
2153
5028
7685
3295
2351
8686
5813
274
9343
4324
9572
5699
8737
2392
6486
9728
5352
9563
2742
6577
5997
4014
662
8824
9934
5551
4043
7890
6612
9350
1815
5992
2708
4209
5940
4463
2607
2724
5109
7202
122
9668
1795
8805
4397
5206
606
295
7254
7819
7425
3382
4842
6090
4370
563
9598
2605
2521
584
2353
7232
4149
9500
6433
2770
7688
7415
8067
480
5407
211
3455
4461
7110
7520
7447
5167
6537
8085
6354
6594
4583
2102
9652
5888
9741
8018
490
3322
8990
8734
4549
5430
121
3255
5305
9862
7548
9870
4947
6700
959
8475
9792
4217
4047
2929
5914
3853
7922
1497
5154
5999
5599
8496
4670
5238
5016
8206
4566
8319
9161
3007
9218
8478
3378
7383
600
743
3613
7617
7777
8337
5133
8617
183
4690
1500
8314
6696
8581
3216
1557
3063
2721
5256
3315
8835
4911
3089
9770
6431
356
686
9010
546
6213
899
3115
1253
4383
8979
3969
3797
8790
7988
75
6678
2083
9342
2590
5829
8055
4925
6509
706
8113
8198
9247
3380
3955
6622
6699
9629
4105
1348
1411
6811
3693
3835
6345
7504
794
1169
6974
4299
3870
7533
4699
9605
9752
4059
5254
4424
1136
976
231
6642
3528
5235
6697
4402
9377
994
7389
2674
525
2757
8620
7909
6750
521
2388
5581
4225
9592
7605
2030
4551
4152
3496
7959
1645
1335
6491
8558
9706
5169
3519
8993
8418
8533
4923
2150
5976
3529
556
4795
204
2313
2631
9541
6210
6117
1168
9782
4573
1461
4632
7122
9625
6424
1919
1693
2738
1918
5380
2367
5252
7229
5598
1787
5517
8704
163
6959
1943
913
5020
2012
9020
9621
5106
825
8902
154
5055
7875
6574
316
3929
9054
3778
4527
3354
9134
4954
4262
3616
9614
3972
6668
171
8934
3244
4967
1097
505
2512
4034
9251
6828
4658
257
6669
5632
1104
7141
2362
6882
2095
8759
6636
5677
8183
7112
8412
2802
8727
10000
1570
8815
7145
9671
3110
5562
4712
5941
7778
6942
778
9874
9763
5105
6886
9193
3566
3097
3250
1923
3134
6660
6936
2116
1791
3874
9418
3305
5561
4732
7904
4344
1620
524
7451
4339
333
1902
5067
494
6247
9908
7233
4707
6815
151
7918
9669
8959
5293
1762
8648
2412
6784
4357
3314
7990
6294
2145
5991
5666
5183
780
6503
2625
7846
9068
9471
927
48
8150
5191
2922
665
4155
4535
3698
1449
7119
7937
4984
1278
5544
7108
5624
1471
8472
96
1002
9320
7280
73
419
5698
5995
7505
3112
5314
2222
2619
7958
7995
5515
3456
9774
3151
6452
2864
6202
4775
6652
7485
288
737
797
2269
7424
3298
7608
9963
4189
6812
1450
4860
432
9993
9530
9905
2826
1210
1363
7355
418
7656
3430
5278
7445
5586
744
3348
1862
363
8087
6060
5259
6229
3241
4045
8816
7131
4457
4234
7725
988
1347
8453
9939
2736
5753
3945
8050
3658
5439
3491
608
1996
7804
8760
7592
2519
7410
9114
5108
6688
6190
6271
5498
5011
9136
6943
28
1900
8408
1628
3724
1035
3022
5171
715
6388
2685
4873
8579
1709
3481
3782
1226
4150
1209
8044
4102
8875
7083
8182
3174
2205
4678
5104
4238
7757
7461
3302
7673
5404
7523
2986
8188
1170
2141
3183
6460
80
8461
1263
8224
317
1407
571
7576
6536
6658
8843
6719
5504
4203
9186
5132
381
3412
406
3885
9829
4365
6712
4834
8519
4500
5671
7954
503
6123
1021
9185
3535
7525
4804
6499
1971
9828
1656
8623
3966
4021
3867
304
180
6153
3677
6993
5488
7307
2074
2937
5844
3087
5880
2257
1502
9000
210
7054
4918
8118
9475
3502
2139
4711
6800
651
4929
6138
7661
1339
4001
4434
9386
9287
8396
3567
3026
8839
4213
7866
1414
8365
3346
3861
1434
4300
5121
6548
2309
2566
4443
7869
9899
3443
9624
9310
477
2026
3691
7373
4750
5626
7657
1658
8433
7326
412
9107
4224
5146
6563
9482
6875
7309
3938
9335
738
9388
6458
1921
4606
6879
9688
3208
9309
8489
7818
7136
8953
8863
2435
8241
4223
2245
2604
3331
8857
2626
1155
9176
2576
1984
6101
647
234
355
8024
4964
2131
4438
4071
7242
7814
2329
6624
9225
1342
4872
8254
8977
8399
1508
6530
4394
3266
7274
41
6780
3756
736
8271
661
7622
8374
9375
4134
1359
3981
3088
4447
4789
2962
2788
4892
8838
9093
9380
7013
1089
7593
779
7653
3593
5145
9064
5007
8636
9497
448
8003
6748
9704
2744
1291
6615
83
7765
4729
3625
2710
9101
6541
3424
946
8562
543
2365
5274
7603
7055
7049
4523
3843
2780
5222
194
6107
5578
365
3113
7343
5627
6207
5476
7793
9143
7183
9053
8204
8788
8643
5921
5541
931
9007
1968
2042
9948
5077
5803
177
9608
9985
9446
3741
1393
9428
6174
9938
3107
2917
9453
2109
509
5709
4233
5818
9674
6412
4709
1601
6934
8320
9945
5008
1200
1729
3219
5300
828
5506
1106
7293
9712
7116
1369
5057
463
3227
1622
2173
7833
5858
967
6467
3648
1486
4379
3323
1156
8682
2740
614
188
8913
950
9048
9676
8813
1251
6218
7009
2400
5340
3735
4959
7502
4245
4820
8667
6069
4239
9212
5630
4323
1189
6125
3709
5777
2547
9169
265
6055
5954
7492
6865
3478
8687
4042
8409
5568
3084
8467
6599
322
3673
2707
9738
6082
6313
5622
7508
2621
7723
6487
3161
2134
7642
3791
9308
4751
6666
4353
4828
4914
22
1884
2432
8508
7234
4311
312
4409
5214
9864
8089
7212
6906
7481
8921
2557
3541
7632
999
9035
9122
2004
3882
6137
2128
6000
2239
5602
2653
1572
6113
8095
2218
5005
5230
9514
630
8331
2661
7129
788
8988
892
3018
5044
5325
8747
545
1069
3431
7296
6105
9063
5678
8655
663
2211
1121
2123
8498
2252
7746
7213
5567
6384
6813
2397
4218
4098
2524
8568
8810
7469
1814
2320
8889
5817
3129
8602
2933
9121
5327
6293
4796
1869
2755
3347
3082
6630
6026
1521
4706
6912
6056
8288
2426
6720
7006
4032
2634
6445
4597
723
5277
454
3358
7677
799
7378
7118
7838
2908
9040
1103
2857
7057
5420
8792
8829
1905
7771
6145
6203
9411
4806
2215
7967
961
9130
4895
4205
3537
6571
3815
2764
6178
816
7342
1183
9994
8535
8647
5038
7574
4030
3577
9528
5868
4422
5619
4657
8612
1676
1259
1184
6760
1452
3199
9944
3530
7877
4602
9705
5497
5892
7324
4363
2657
9692
9217
178
9503
9754
5843
7422
5273
9128
6718
8627
8214
5478
888
5668
31
3745
1689
2596
8597
7598
9666
90
5765
2953
6939
2796
2457
2136
1295
3931
9328
7069
5573
1725
7341
8295
4952
9613
7716
6051
2146
2714
3340
5144
467
1204
108
7913
4172
1448
6272
2561
5757
3344
6276
4250
1610
2480
1193
9330
8965
3533
742
3362
8955
2266
4530
9900
3195
4705
7354
3468
7630
3232
6680
346
8814
457
4976
9954
141
1766
4717
9156
6139
5613
1860
3550
3657
9890
1423
4565
8261
5808
2142
7834
979
4584
6474
5227
977
9345
9253
5584
8984
7104
4988
2942
1669
2007
9883
5766
4267
1305
9304
2013
6401
1925
7936
6672
7251
5394
6694
2846
5590
680
1684
3021
8856
5704
5852
4132
1596
2489
1719
8322
6234
5546
625
1806
1977
8861
1598
5623
443
5514
9167
6081
4498
1691
4257
3506
9611
2335
3370
5085
5248
8749
4169
6004
8625
2132
640
3734
1401
8425
2850
6600
5481
2081
2843
2525
2844
783
6508
2014
518
6861
6554
1262
5355
5778
5225
23
8255
2491
8765
4741
8097
4871
5372
4
1014
9876
3838
9809
3242
9260
4253
9214
9893
3119
9815
3692
3666
703
3109
6205
3920
5501
6371
2695
2324
1047
527
5096
7744
9097
8752
2523
8073
847
9154
2044
2977
5084
5523
7417
6402
7465
6885
7998
382
3976
2883
7663
5176
1944
2533
5943
881
2998
1643
1555
2255
962
2290
5272
4640
2317
4011
8905
2159
8753
5465
5823
8681
714
4412
6846
8862
6810
972
6265
4977
9542
9216
3052
3923
510
5911
1324
7391
9293
9703
1125
3792
8909
906
55
8877
832
4012
5771
6899
2186
6363
3865
8236
4600
8890
5924
5485
9451
9937
2819
6781
9469
2327
5306
5593
7160
1269
1011
7382
7546
1426
8386
5845
7426
5035
5276
4736
9916
54
1767
4266
1732
9573
3995
7616
9031
3065
1617
1129
8345
1126
7263
9559
7165
2750
6902
8807
8599
810
9781
3775
8991
2162
3438
1937
574
1012
8109
5059
8559
2106
5221
1920
7088
9066
823
4116
8239
8354
2739
5107
61
4569
9220
1400
7282
9865
8845
7219
1503
6979
8642
2812
5682
1276
1206
1386
9236
6079
2715
2696
4659
7259
2399
2567
2851
136
1736
7253
5972
5537
5289
2143
9126
7665
1773
5707
7390
6054
7109
3771
5909
6506
1153
8832
3239
541
1382
4163
2692
3887
9656
4684
4816
8187
7413
5331
4077
6814
5319
1523
8351
3668
3599
2801
8194
4650
7249
7157
6805
6617
6969
4792
6534
3395
4117
142
2160
8564
7494
7106
3630
1314
7693
9973
7377
3814
9227
6021
2287
4639
4963
681
465
275
4226
1769
939
3153
6422
2848
6154
8910
9486
7330
4655
2363
3391
7072
3569
5217
1833
867
8048
1932
1415
3682
7063
620
1987
2910
8306
659
1039
9480
3356
8876
8937
367
7767
9373
4572
225
965
8211
2541
7798
6807
1581
328
8363
109
5480
8280
2053
7938
6513
3539
1088
7582
397
3027
4465
9873
1151
338
2914
3844
6656
7337
5004
5733
374
7612
4823
8997
4390
2278
2884
2387
4380
5482
1150
3103
4803
9536
3335
4776
1180
2339
8376
2855
229
8874
8634
5890
9512
6789
9639
5363
1848
8732
9866
9867
5520
6409
248
2614
1546
3138
1027
8121
8301
7975
7204
1405
318
8640
2797
4787
834
9395
2550
2374
7062
6373
9922
6291
6076
3732
4801
2655
4408
499
6597
353
858
6756
5446
2570
3470
5819
2497
3561
9735
9498
2171
5927
87
5188
5650
5795
5740
6168
2600
8911
8046
5802
2078
2008
4534
7470
2699
6769
4015
8145
8536
6570
6024
2168
2314
8381
4243
7579
3169
829
764
8739
7932
8279
9721
774
8586
3674
58
2359
7101
1942
3402
2636
7479
9740
8920
9842
3531
6496
4079
4982
4511
4752
2182
7884
9023
2267
3944
7786
9980
8933
5174
9912
807
9771
4930
2434
1293
4060
2376
3830
3178
70
9005
6170
7531
7983
1098
110
7752
3681
7130
7060
7573
6761
5730
489
7863
1685
1550
1442
81
1588
137
6955
5834
5143
1473
569
5971
4446
7801
1447
7868
9722
7059
934
9785
4742
3643
1992
106
2471
2865
6387
1951
2968
5827
7853
1337
1698
255
2860
9730
4507
947
7285
7134
6273
7047
9327
4429
6130
7849
842
4373
595
4331
1271
2076
985
4454
7891
2486
2105
5505
5157
3042
1116
1519
9123
3804
2194
849
1181
8269
1296
8438
3715
6159
8873
7421
4356
1381
9221
768
2839
2964
1692
2771
3940
5358
5785
9172
6208
2647
1728
9476
7308
3667
2888
7403
8140
8174
5824
6855
8515
7811
7893
2970
5964
5249
6639
2683
9701
5360
2021
7905
9768
4119
3813
8614
7558
7948
971
205
6759
5928
7302
6820
5945
1361
9753
3035
3440
3770
5929
3165
8621
9376
7566
2377
7719
6982
1805
7997
5467
7052
2493
9742
5285
3497
4133
2866
609
903
7086
4974
5697
560
951
777
995
1699
853
9449
2733
1747
6610
9317
6304
6692
423
3665
6838
4480
1716
2734
4693
5093
9914
9332
4562
2732
6220
7636
6873
4196
557
8518
1133
4227
1963
1194
2786
7714
7577
9173
4354
4393
5115
4355
7218
4256
2248
4724
6860
7135
5965
7620
6876
3694
9081
2984
1935
207
9594
785
7796
1563
4453
2563
326
5756
4142
3737
1794
1233
4095
8718
3188
9192
7158
9362
3549
9531
2084
9319
1003
1586
9903
2295
9995
3631
8580
5947
3725
1511
3094
7625
4627
8444
1897
9406
148
8065
6132
2189
3997
4004
7707
2217
9060
1949
1001
3046
3970
2824
9521
4770
6031
5025
1544
8929
298
6099
5676
2720
2456
9473
45
3786
5875
7513
5540
8604
14
719
2807
462
8063
9250
6327
5069
1451
3988
3579
4554
2719
7925
8184
420
1162
949
4421
8126
9346
8292
1760
4948
953
9570
2226
990
1562
116
3167
9619
6910
9298
3895
3259
9484
4857
1329
1865
199
7538
5001
5904
4641
1061
3686
3369
7384
7061
7240
6283
6889
6464
5670
3276
9454
6566
732
7602
5086
8494
2520
8488
3591
9726
4222
3989
8086
3663
9909
7295
6564
3387
4824
8134
9628
7691
7862
8476
5873
3971
2318
282
3245
9609
845
7728
4631
2578
5547
993
2298
9070
3261
339
4120
2196
6981
3524
4646
1885
8931
5436
8497
5749
475
8697
7318
8309
4441
1686
2654
8015
7683
2385
5452
2713
9170
6792
6339
4969
1922
1868
5847
2686
7334
1256
3282
4931
1842
1440
6589
3818
2006
6443
7596
2484
2502
598
4210
9902
4813
6923
8179
425
4366
4097
3902
4681
89
9030
5955
4912
4660
1132
6766
5996
4936
72
8833
1649
7339
9958
7549
2501
2542
7710
9194
5848
8506
1338
7196
4642
8124
7609
5930
752
6036
5809
7912
447
8039
9664
7073
9603
9365
830
3522
6142
8946
4940
3623
5396
3363
9401
2203
6724
86
5267
8233
1165
1044
5821
1646
1229
3396
3164
431
4136
8539
3832
7294
8726
7364
8482
564
8668
7829
3006
876
1793
8395
9124
2901
5153
276
3961
4869
611
6468
9505
5950
7113
7931
1859
4066
3910
5317
8817
5979
9574
6749
821
3140
4474
912
300
7040
1654
8908
2485
9108
2950
9951
3890
2948
4734
3661
7899
4469
4603
9334
1360
9001
3829
8996
9755
5738
750
403
4413
7297
9397
722
2277
1961
7963
7564
8259
2120
2107
7032
1832
2098
2761
8939
1558
7323
4779
6670
9050
6043
9801
8705
6281
1639
4782
4890
1624
3246
3862
345
1483
8710
9168
395
241
8551
9206
7726
9979
5645
8323
3982
8495
2281
1292
5877
1453
4183
8102
1771
1994
1065
6454
7480
3905
3959
8294
1052
6836
4258
4877
500
2729
8725
4476
1000
7440
1109
1740
2326
4028
5386
613
2348
4484
784
3222
3644
2616
6888
9280
6352
693
5841
8005
1149
9600
6960
8135
4539
9545
5241
8160
348
2325
3102
351
7935
3935
1498
63
9932
7446
2991
4156
2828
8894
5597
2066
5152
1441
9799
7956
2822
604
4048
35
6061
5136
2200
1899
1802
7031
313
4975
4430
9548
7969
7175
9184
7864
6567
2322
6277
8404
3719
6317
718
3850
4033
727
2077
897
6657
5484
765
9102
4279
1469
5713
6010
5736
1418
2538
2722
2057
9623
3646
1323
4254
379
247
1513
49
711
6827
9974
2782
2395
9930
9078
7077
2500
2575
7043
8958
8985
9349
5681
2311
8000
4548
64
5126
4915
4290
5867
7478
3847
3760
4146
5198
3004
3590
530
4540
506
7177
128
6334
7850
9144
6479
1319
3451
2402
7658
9219
5646
4108
8638
9567
8940
6002
8692
2125
919
3054
1577
4835
6568
8238
4672
9120
2652
8283
7443
8592
2210
615
4037
4449
7911
4949
1583
2041
2927
2372
8392
745
8069
4855
1172
7854
4328
4334
5967
872
8723
123
9871
5633
5577
7236
4883
9312
2827
8028
6411
1422
7824
7982
902
8883
1152
235
5397
3074
5454
5243
2741
7369
6413
7670
3651
5247
3568
9119
5075
4887
2717
884
4946
7068
6931
8027
7986
3635
8366
3130
299
3336
9139
5887
3301
1660
8156
8690
4637
725
3860
414
5609
8983
6611
4291
6032
2355
8653
5836
8782
3894
6100
9643
8020
2312
2946
2230
7414
8056
5458
7859
341
1218
8691
3837
2085
6368
4153
7717
9851
5113
9956
6924
8207
4275
5987
7640
8088
4432
8694
5903
1307
5934
3713
9655
7689
9751
7637
3446
8247
6240
6072
3597
6629
837
5662
8257
4127
344
2681
7491
7883
8740
1811
5203
1695
4917
6621
8082
749
5652
8249
7943
2024
4698
3203
7544
8195
8689
1072
850
2119
6085
9300
6333
6095
4186
4686
6320
599
1530
2971
5884
2270
1619
9499
9432
5856
2056
176
8348
6956
1308
2447
4758
7346
5564
5920
6704
7411
442
2369
1427
6078
5631
9279
5233
7349
1858
555
1199
36
758
7946
896
9716
2568
519
493
3767
3495
8094
7895
9489
5932
7387
7159
5130
3799
1623
7727
5202
4552
8019
5064
1383
8209
1234
9116
7125
8716
2151
3191
6155
8199
9918
2408
6092
3573
515
5605
1681
38
1745
6845
433
1710
237
9526
7388
7270
4728
3762
3453
7488
2876
3946
7477
5220
822
633
3445
4747
7545
6337
3595
3099
5110
3993
5219
8505
3204
3058
9358
1910
5332
6110
4708
34
6211
5620
5494
2617
1761
8159
4513
4978
1141
2565
6663
7510
6140
4415
2236
2010
8509
3015
3747
7651
9226
8851
9607
3656
5128
3689
2985
7090
284
3294
2209
666
4718
5680
7587
3487
6274
9818
3556
9094
8952
8822
2959
675
581
4260
9996
8413
6375
2963
7275
292
8105
1221
1013
2853
9433
8522
8948
2610
4723
5017
3688
8191
4296
3355
7192
6018
5302
1327
7401
9229
7684
9368
2947
8172
2670
4118
2698
1261
5899
4881
1824
3185
7455
3141
8585
7350
952
2188
6616
795
9717
5471
4067
8795
6964
646
5500
4058
8945
1883
9213
27
4165
3998
1630
1285
5245
2204
6404
6187
3796
1034
5296
9810
1505
1514
547
5041
572
8217
8538
6456
3083
1674
9392
1406
2096
5193
3943
5665
4863
6416
9153
2103
1845
2909
3289
9654
5428
1537
7947
2080
3851
5415
6590
7392
8441
39
3202
7751
8278
9989
6108
5496
8980
3093
4200
2262
3872
3731
1488
3586
6016
8947
118
5710
8149
6529
8234
9215
1694
8685
8442
3761
8484
4633
2877
4905
6490
2752
904
7941
7518
9267
8587
8923
6374
9634
2110
4861
1758
4145
2090
4764
1989
1385
2677
4038
7128
2498
1029
5412
1929
8263
7930
4841
2216
4791
1225
5002
7080
3619
5246
8895
9733
7787
7590
6251
232
3448
6531
7473
7825
3501
1431
8831
8036
9015
5524
9162
8178
8950
4738
4807
9581
3180
1370
2601
4979
4702
7735
6962
9831
2028
4221
8956
4171
669
6532
8338
9003
8142
8693
358
4280
540
6645
3384
8659
7171
3700
5639
7539
1911
6859
5186
5878
4614
8841
3544
5725
8858
1479
5805
4926
3919
4451
4902
5453
6013
2
7084
6450
7124
4307
8125
3375
8464
3911
5957
9069
2152
8804
7968
7079
3410
1192
3582
1092
9080
6297
8696
2992
8834
3146
3034
2086
9013
8793
3299
3906
3696
4865
7705
7439
2793
7699
5917
1236
7701
401
7646
5449
2706
1536
862
132
3602
1445
1966
3801
9653
8713
3848
3754
6989
5329
7456
8317
5402
5213
7490
8062
7754
1341
9322
8243
5973
3479
7255
6397
4231
3338
5659
1277
453
1757
2068
6762
6228
1045
1328
5052
9439
407
544
4847
2214
1455
2906
6591
7335
2599
5043
2778
734
9650
8481
1969
3826
4634
7615
5872
4899
1917
7217
6204
226
775
5125
8663
9412
6744
7939
7734
4720
7408
8544
5387
6801
2112
6328
2483
7980
7265
8106
1733
5939
9504
3601
9589
4769
6533
3190
2404
206
4277
5966
5097
7628
8326
2751
8840
1412
242
59
9591
9510
6104
4830
6106
9211
1753
3091
4973
2452
4703
6360
3525
4306
1146
9147
3723
9201
9307
6831
9855
677
6098
589
2443
4941
9164
4875
9802
6244
2455
4788
9025
3366
7179
7142
4096
2180
739
9672
396
7645
1122
7281
3999
7356
7604
5426
5728
3293
7284
8706
3194
485
7917
1249
471
8886
9233
1197
5980
1174
3973
2170
7008
1267
4556
8029
4722
1804
6249
7189
1019
1316
8662
3889
6177
7358
7313
8972
8919
4987
1895
2662
3280
84
2208
5712
2859
3856
3163
9405
3158
1763
8649
2856
805
2709
2832
6843
9620
7506
4241
2254
6585
1673
3332
9230
3518
5406
3236
2350
8724
6269
4113
2689
5218
2379
2219
9208
8420
1735
2002
251
7789
2437
5393
6160
1637
5563
6050
2999
6217
1311
5244
1154
5893
9660
7775
9783
4833
9687
8836
9767
7783
7974
7067
7039
3611
1670
4351
4391
4261
789
1602
392
9691
8232
7458
1849
8756
9269
1841
5056
33
8903
5776
2772
8079
5794
254
9160
5236
3290
5251
8635
2413
964
3100
3422
2147
9565
5211
1653
8922
9840
7317
5865
2536
9765
5696
9935
2108
937
9313
4961
657
728
2354
7325
8852
3462
88
3248
5442
2632
5643
3171
9294
7272
7842
528
619
9601
2879
9262
5072
8960
3555
4371
9423
3592
4302
4398
2643
3488
8773
1239
5006
2767
491
6194
7611
10
6128
5685
2305
893
8680
6746
7711
5347
7340
5915
7836
200
9205
4207
3764
2794
7123
7486
1755
9112
2307
9481
6510
278
376
4193
3581
6821
2430
2283
6896
5362
8688
6618
4230
1682
5530
145
1726
1095
3480
6946
4049
1980
8212
4675
1972
4387
51
8553
1587
9554
841
9417
5417
6922
2023
6525
4960
9075
2371
5369
549
6705
101
5615
4403
3629
3028
3350
7747
2811
1355
5365
7900
1759
8282
2816
1976
1131
9856
6267
6201
6932
4653
9606
6338
449
9461
9372
3642
938
2882
9384
8964
4838
4726
3073
4314
287
8389
130
4783
7623
656
5582
9700
8316
2272
1775
8589
9339
2546
9195
9004
1384
956
6198
2431
6796
8656
434
5784
624
9135
7940
8872
2798
4680
1983
42
3072
1241
3565
5303
5027
5150
6193
8227
8335
5443
7928
8416
5527
3879
9024
4359
9385
9321
3449
4182
5361
9314
4006
2416
4701
7929
5373
1387
3748
7231
325
6370
9881
2606
2805
3678
1105
9586
2403
684
7100
1812
2923
2759
803
7955
5445
3198
6146
3507
7143
8171
2391
3499
1080
708
5310
2038
8596
3697
8646
4714
7942
6415
2779
3975
550
8434
3108
7694
4950
6937
5413
4416
9790
936
9748
3385
7374
1032
880
8528
523
7198
3834
6199
9644
900
7668
8491
4124
792
5503
9067
8865
354
8372
1368
2532
3179
198
8201
4202
3285
1492
417
6703
1397
6262
4945
9711
2464
8346
9082
2825
6822
4817
5429
6791
3126
7692
5123
6795
3727
1244
9086
9708
2499
7463
643
607
7004
2319
8954
5287
7012
5135
6250
1462
268
6583
1051
9407
9582
7107
5
2201
4143
1484
5292
1780
2296
9878
1076
6459
2954
98
5018
1756
5159
6005
7436
9602
4361
3968
2527
6427
319
634
3520
4085
5257
5129
4388
5350
5359
3740
9798
4998
7444
99
7328
7629
6992
6369
474
1539
7150
8219
2233
6141
8712
7511
7322
2330
5388
3821
9561
5295
8205
7227
3649
2423
3368
8378
6925
8526
501
380
2011
1215
5611
9807
1124
9846
7091
1020
6284
5936
189
1886
857
3311
7433
2357
5874
1410
1585
5900
4039
3009
1128
202
4358
1108
8312
5539
3230
1613
1770
7667
5163
7267
321
4179
5065
538
7483
1062
7319
5600
9105
3189
5772
2411
1687
1067
907
3839
2663
1939
3220
6871
7299
726
261
1282
6406
9197
6286
2893
2070
748
5326
7146
2477
9693
9241
7921
7882
5902
7497
9273
7366
7839
5526
1690
4147
8935
8537
7147
6287
6001
1568
7871
9352
6292
9991
357
6607
3313
3585
8898
9776
6839
71
1430
111
2297
2291
5608
9694
8043
46
3325
8334
9088
9100
3753
3454
3523
156
2671
8010
3664
8155
4090
1331
144
9381
5557
402
9535
5731
2818
6897
6851
5483
2185
4809
3604
8733
6777
9502
1981
6767
4520
3823
6929
6330
5160
77
7709
865
2315
8290
7812
8510
716
1429
9745
4679
79
4212
4727
5051
9569
1481
741
6420
9764
3526
9875
1322
5266
4687
7528
1070
6961
8930
127
918
5866
5389
364
5464
9590
7030
8362
1931
6505
4638
1894
5913
6779
6264
4082
6119
5279
7589
7394
7201
1644
3342
9718
5758
6893
5769
4109
4767
9354
6710
1399
430
1789
4427
4285
3353
9529
7154
1974
4943
8837
7828
7552
860
594
4746
2863
9800
3545
7075
3428
342
266
2890
4766
5831
756
9292
5970
3197
8619
9
5871
5366
8575
3825
7459
2273
6632
4932
6857
3291
7036
2529
4609
1372
9145
6991
1203
8896
2414
7601
2781
3011
9224
8651
4188
5701
3048
8382
3571
1526
4017
1273
9791
8025
9761
9278
9284
8652
9089
1831
984
7770
5838
817
9910
5812
7376
2504
5155
4563
9777
1847
5788
2415
5294
1717
484
52
1525
7351
8531
186
6266
440
1176
8110
1454
5679
3654
4503
1516
9249
8548
2791
9049
5474
1081
7534
8157
2052
4076
3733
3256
8570
7048
6581
7396
8223
1818
536
1878
1817
5375
2155
1223
8776
5751
4181
8569
7806
679
3884
8112
1948
4544
7671
6236
6948
7438
7095
8237
7542
6913
1025
4525
6722
4187
4524
9361
998
6643
7223
3326
7386
1394
4754
4580
224
9165
838
705
2336
4401
2406
1207
1819
2451
9511
399
9479
6171
1827
6377
1325
1501
3145
6305
9578
5768
2615
3553
3996
1235
2029
5339
6029
7205
7431
844
7345
5342
3789
4003
1033
4072
4630
8721
2242
3418
2841
2949
8626
7194
653
422
1896
9821
7221
4304
9508
2548
4545
8175
763
5170
5592
6124
9435
3892
6738
3483
2513
3728
5030
2360
9904
6841
5764
6687
2814
1171
6040
4558
6300
3417
5961
9579
852
8136
3225
8754
6280
6336
1560
7066
9713
6166
5094
8616
2592
5864
2665
6495
5165
1421
3766
3193
3359
1374
5521
798
7578
2154
7971
9367
5674
5283
9416
3473
8281
5322
559
1916
6390
4939
6518
8200
2753
6011
3868
44
8180
3751
8428
9326
8455
4517
8341
1094
8666
4112
405
667
6928
960
8090
9936
1936
5081
3401
4846
174
4996
3419
8674
2342
1309
9645
9513
8080
1768
375
2475
7429
3962
6165
4115
7152
4859
9008
94
9690
6673
8576
6358
9357
3071
4542
7945
786
6447
5385
5089
9966
755
9984
9869
4340
3409
3926
6435
4348
2869
6754
7845
4470
2177
9880
4242
8245
1820
8887
9877
6332
5239
4748
5747
2036
9697
5019
2873
5533
7897
4431
6492
9649
6192
3002
9552
5431
2009
8532
5565
5689
3263
4810
2161
9447
875
6355
6793
4251
6825
6034
2231
2688
5087
4555
1799
6690
4992
9061
2874
6366
7860
760
8676
8598
1353
4477
9076
6847
329
8708
6816
6157
5575
273
802
1880
1409
660
2975
9892
1390
5349
4407
6996
3020
6049
9275
623
4439
4889
8033
3404
502
1247
2206
535
9836
3928
1958
4571
9911
5466
3893
4814
8915
1478
7381
7094
2934
9736
6907
8608
5003
8511
8321
6757
1543
120
2071
7779
3090
9940
1090
8658
6020
5628
4683
7521
596
7563
1077
9090
4849
9072
3279
3742
6786
3435
3393
2088
806
5448
6826
7729
327
8657
2358
6734
478
8487
7292
6231
6772
3249
8483
4768
6818
3139
1816
7225
1467
7873
4099
7314
272
3485
7037
4010
2015
520
8037
5308
240
7730
3849
6444
9415
2728
1334
3257
6268
1870
2580
6225
5231
2438
3206
5469
1648
1901
1111
627
1835
2660
1575
6804
1810
8777
7176
981
8859
5062
7065
1721
5942
757
6835
9429
3490
3790
5806
8660
5333
5182
5258
5463
551
6275
5693
4666
6941
4123
8353
7441
9242
8542
5348
9198
1569
8577
4068
8447
9732
9336
9584
1255
7944
4081
2555
3223
733
7840
3269
3066
9720
1614
6058
8949
1343
7286
2478
6440
5656
1561
2783
9854
8446
4937
9696
7619
1940
6938
5746
9946
3228
6451
9661
9562
2651
7807
5695
5604
4749
3772
2762
8229
4993
1903
119
8373
3056
1906
2731
429
1265
2135
1990
4757
258
4271
4774
8107
9551
3842
1727
30
4061
9894
1678
9884
7817
8582
1087
9640
7434
8512
958
5931
6147
7315
1650
8546
9200
3405
6353
4938
6185
103
7457
827
3125
2635
4110
6077
8818
2121
3156
3932
3924
1967
1134
3706
4854
4360
5554
7914
3247
3521
68
9928
2705
2129
7610
6430
4197
2495
2885
3960
5815
4396
626
9897
4337
5761
935
8769
4345
4075
883
3925
3954
20
3603
8215
5502
2130
3312
5673
6295
3136
5456
3992
1457
6849
1783
1547
1605
9096
9288
1934
1809
4685
1313
2225
4389
4516
7888
8469
4574
668
848
5410
5550
592
1373
6235
6121
1640
4489
9575
8554
7230
5147
4478
1046
4839
1606
6323
8799
8075
2241
7235
2530
9964
3268
2509
7607
9065
8275
9420
303
9593
3899
5908
4541
9371
1004
5304
9448
4104
250
5883
1855
2668
9715
410
6068
223
6809
5543
6572
3029
7139
6400
9027
6556
2941
6736
6863
704
4232
9491
7058
2892
4866
9017
9277
8289
4593
7844
2760
3023
591
5031
5876
2918
2087
1734
9913
1166
9546
7353
3744
9306
1609
5040
5603
352
6579
6115
6950
3949
4341
6007
6558
5201
369
8758
7908
4486
9749
2382
8084
5068
9338
4878
6180
2586
3406
4305
4170
9495
3914
9403
233
5271
882
8419
1375
2838
2332
1220
5232
3330
6252
7516
8054
1040
4821
9272
529
616
1485
7821
1788
8256
9853
9056
5763
5301
9719
228
944
8786
8012
8377
7260
5336
1290
6753
8051
2191
6695
4444
6062
4850
856
9034
5423
4621
9895
2473
4264
5172
6348
2450
2687
7010
3061
5850
6713
6319
5549
6972
7089
8123
5374
9237
4247
8057
9059
1852
8678
9919
8787
6494
2466
1283
6405
9830
1632
9127
8034
1428
4022
2250
915
4195
504
9631
9737
3878
279
6436
9485
8091
8424
2149
4933
2754
869
2769
6522
3913
7021
6905
9431
9268
9977
9244
9549
2479
4237
2756
12
9238
8825
3721
4368
9556
1999
2506
3062
8336
4617
6346
6423
8639
5058
8507
2390
2323
7680
404
7600
6763
3659
5190
4696
5083
5112
1300
4970
5039
6984
3105
4601
7132
6394
5801
1866
3367
7418
9960
9274
5949
9860
7950
6595
6471
7887
1366
4192
1924
8767
554
7051
483
4605
5158
169
238
5468
8210
439
1517
9171
4400
7966
4342
4851
314
9839
5181
2000
9331
7304
8324
2795
6971
7215
3413
7952
1357
8093
6954
3304
3277
7162
1600
7035
6158
1997
4543
3514
4771
7581
4608
4332
9301
1164
7682
289
8315
6143
5403
2300
496
7749
4374
1784
7306
1830
6425
1877
5192
7585
1752
8871
8672
6014
3436
1952
7103
9036
9501
5786
2571
3953
6869
455
3950
9680
8162
1507
7695
1245
9558
3131
4951
4041
9257
4338
769
8982
5555
3068
6172
3184
2602
8445
3160
8644
1356
4377
2515
9152
6379
3720
5637
4879
3357
4901
5398
1075
2286
8342
3019
1803
6359
1073
5116
8251
8607
451
1114
2207
9012
8808
4065
7416
1567
6631
7471
5196
688
6683
5234
7191
5583
7188
114
6248
1158
2905
2925
9315
5658
1703
4008
3316
2810
583
5111
6127
1749
8222
6551
9490
2099
697
8900
7896
4487
5651
2294
8176
3833
8729
6044
8358
4519
5255
6088
1213
6742
4697
3104
5131
754
6654
3389
6212
3271
6414
3538
7718
762
2535
6463
4957
4578
2911
1913
7082
9095
5023
1504
9997
7228
2338
7361
5773
6182
642
7053
8068
3508
9604
644
7291
2016
9814
5558
851
6708
7298
8001
2035
6926
7305
3606
2823
6561
8006
890
6241
9685
5414
6057
6224
3594
4778
8571
5510
5672
1018
5384
5588
3420
4731
2919
1664
7876
1696
5010
6325
8457
3617
6870
3505
6917
5351
6449
3078
7344
9577
3776
4428
7216
7137
5548
3679
8042
50
6083
7200
9727
6755
6441
4466
3001
4482
9990
8403
5148
4494
1667
8038
332
7763
8460
814
5071
3317
6365
8567
4845
1714
2256
740
9931
7026
6576
9291
7515
8114
4798
3655
4229
874
5070
5998
5775
4214
4671
2067
7514
7475
5959
1837
8968
4829
6689
8897
1287
9898
8819
4533
4178
7889
139
9926
8116
6489
7654
2316
6733
5076
5717
6478
3640
5860
196
9472
2331
1839
9746
9055
3576
3749
9684
5706
5828
2787
6112
2641
3845
7
9391
8738
7795
2060
9436
17
9450
6951
7257
7678
8092
9824
3215
5315
9042
9132
1652
649
5905
1991
138
6549
8593
6162
6483
3459
5095
5545
1638
7300
8049
6679
3511
2347
9816
8966
259
1584
5854
861
2895
4564
2726
391
751
470
833
8291
3371
2243
5885
9019
7020
1625
6833
161
4674
2803
8300
5807
8440
2299
7720
1723
1499
8299
9178
7809
4826
4426
134
4710
2806
8330
8878
219
1661
1532
3580
6709
9099
772
868
6183
95
8606
4002
1973
4464
1520
6395
6935
8605
3886
4840
8189
3809
5881
9725
8181
308
5534
8594
567
4786
2193
929
7867
963
1790
7277
4864
1822
9618
4154
4944
7569
9118
4800
5242
2467
4201
8942
2776
4070
683
8221
6798
8405
4159
5049
7419
2595
637
2410
9907
6344
7375
2279
8064
2341
4531
1813
6539
3624
7156
7195
6655
5720
2429
6437
1137
5640
3710
4395
1425
9382
562
7452
4309
3120
7321
898
9847
7338
3464
7359
8978
6727
6097
6745
4101
9760
8
152
920
6609
8122
6723
9576
7536
4550
5783
819
9442
1464
6578
2422
6653
8071
3010
8770
3836
6261
5621
7822
974
5281
4125
6399
9496
16
9638
8941
966
8631
2505
9817
1792
2176
4031
5200
9879
8938
8565
7169
7430
1139
6921
1248
7594
2537
9181
9838
5048
4270
185
6163
6439
2263
3121
1912
6167
4089
631
2386
9261
7698
7423
6691
7924
4057
4035
2117
6308
3909
3398
6222
2675
6728
1130
1808
801
2587
8146
6426
4852
3397
2164
9955
4922
2481
9927
6342
1938
1593
796
836
371
7017
9806
5538
160
3067
4459
7245
215
4794
3427
4557
476
7385
3509
4263
2440
8060
1101
5727
2380
1626
9239
3621
4818
1582
5124
7197
9983
7713
8730
6625
9698
5782
8272
4349
9234
2951
6914
6540
9518
8252
370
8715
8595
6731
5570
2284
3578
6288
5042
6526
5977
4575
6341
3226
2187
7250
1432
7316
6116
8154
4799
8267
6310
4273
6975
1821
1243
3373
7432
8970
285
7848
917
3166
1553
8401
9517
1
6538
4827
3620
4308
3080
8661
3628
9626
100
7148
2091
5073
839
4129
8013
8976
6149
7247
9566
2032
4586
5661
6361
9682
5370
1480
3181
2553
2240
6623
2623
2978
9637
8023
3636
9190
301
8398
4553
2468
1142
5849
2889
3267
8527
4623
4784
2449
7467
8119
7790
6998
6033
8629
5536
5612
6771
8430
5896
707
6916
1036
8796
5061
8296
7565
2235
4995
8030
7613
456
4335
7405
9553
4376
5216
2518
4282
943
3934
1093
5857
9058
2280
2897
3990
1254
9083
3515
6596
5607
3822
7266
9987
7487
517
6118
309
1110
7627
9158
6307
9580
7568
8304
8384
2972
7643
4194
4122
2448
3977
2183
2718
1566
7702
1496
8391
2227
3297
9843
635
7926
9464
479
7865
4942
5509
5636
2594
9467
9264
488
507
4532
4106
4510
415
5312
3598
1463
5797
296
2633
4040
2629
4018
3492
9045
1084
7495
8820
7303
8800
283
1889
6053
1904
9409
4248
8151
4596
3927
6606
3272
4329
9202
7679
3986
5210
4958
5735
7750
7180
5185
4091
5489
1349
5356
9929
3609
7167
5099
4425
6898
2111
5470
167
5205
3403
8380
7153
7529
6544
6840
2163
6009
5926
7696
5667
8981
5338
7241
7618
6074
9863
3534
7874
5531
6504
2618
724
9699
8971
6481
6209
6978
948
2025
7906
6944
7222
4044
6219
5487
495
9398
7755
7399
9901
7953
5334
4568
5988
2564
7050
1707
9647
7885
3408
3493
4508
5511
2181
3632
1377
2258
654
4635
131
578
1844
7994
6393
3942
542
4831
2308
9443
3224
7071
4471
7766
3429
6966
8305
8017
8891
8702
6560
4733
3547
5495
6726
4716
4111
5708
6752
8402
4208
4386
5723
4121
4538
4216
6302
9174
2356
924
4567
7878
8411
8855
8543
9832
8202
3918
1604
5870
3186
5120
4985
9950
2436
514
621
2936
8654
576
698
6878
3615
3461
6900
4547
9670
8951
7226
6775
8081
5424
3351
3426
1574
1871
1167
1403
3589
2990
4737
4080
8731
7406
1371
2765
7512
6
886
3003
5477
427
4913
286
5508
6892
8995
7018
4665
7368
9146
9460
5760
2022
1564
3394
1927
1893
6039
508
9159
6091
6778
9758
3207
2460
239
9286
6156
5938
5559
4868
3743
1160
6649
5989
5569
2534
4278
115
9837
3252
435
6438
7015
1750
149
8471
2223
3484
4298
6469
9658
3143
5981
193
7028
4843
4759
1058
4802
692
9506
9057
6952
1864
6181
2494
4330
954
6823
2396
7462
9825
9803
7420
8369
3773
3607
7466
5798
9452
1091
2813
8127
4137
3324
9149
8414
8246
9564
2503
1196
5925
800
9129
533
9037
2333
9389
5280
5579
2945
1031
9421
6367
2582
2352
3264
4294
9052
4870
2862
5714
4176
92
9917
9731
5418
5013
6191
1470
9333
9254
8755
9360
5974
8500
4598
1631
5286
3690
5799
8560
373
1435
4991
5781
8683
5737
9478
1102
4761
3286
5026
4862
8784
2981
157
1379
6418
6848
1140
6626
4651
1666
6253
8927
2344
6587
1651
9299
8645
7831
4083
8525
3500
3437
4755
4592
5122
4174
7503
1672
5318
4624
3618
2932
2517
2694
1078
5014
7493
6070
1677
9538
3192
387
8774
5956
8578
1191
4382
1541
730
3017
4206
652
9347
824
8735
6640
5700
9103
7078
6047
7813
6787
4485
8671
7708
4832
3364
3958
7190
9271
672
2055
1704
5748
941
4668
8943
4284
2419
7178
1982
112
4375
3157
3407
394
7648
8746
3039
5265
2158
2574
4215
5718
610
4743
7256
6725
9622
7556
7621
6135
8615
91
8720
8371
6909
1186
9329
8276
2598
5948
8969
2912
3038
7138
1718
9399
3075
8427
5719
1378
2378
7965
3212
617
4763
9555
8058
4491
8974
4244
8771
8347
5589
9359
7690
7449
398
9537
9858
6844
6817
8452
4166
2785
5117
1618
9681
983
6093
8828
2989
8293
8350
2178
4131
1634
9408
6442
6246
8632
8100
1135
8827
1741
9248
3739
8860
1538
8470
1941
8918
9677
246
9111
4966
2229
6493
1301
3699
7448
6834
208
2682
3014
4590
2544
8231
2124
1217
6799
4404
9707
8714
1228
9970
7025
4649
9437
791
158
3415
908
6853
9844
6565
9780
7187
2539
5614
5435
975
5891
8490
7560
4715
8072
3880
7756
6448
873
6542
8197
9786
9523
4994
4625
6232
9659
9695
512
2370
3980
9822
2875
9811
1702
2988
8454
7379
8669
6958
3024
1443
1022
5187
57
69
5752
5787
3079
2868
9924
3327
8449
877
2585
8016
8885
9434
5811
7919
7372
5897
4919
8893
3626
6186
3476
2577
6918
5433
4777
1350
9952
3548
3081
1083
4762
472
5142
6999
133
8501
8297
323
4448
8613
3447
5960
9796
2926
5180
8052
3994
8904
468
9341
1009
3150
6340
8040
2956
2224
1957
516
173
1458
8684
1636
8274
5901
8967
1683
3653
3281
9805
2878
1145
6407
6685
5745
164
1190
7363
7614
2433
1420
2833
2127
8957
5209
4645
3704
9969
7741
2667
1346
3329
1482
252
7979
4920
9028
7174
3376
8318
2089
2115
8432
6278
9356
9617
2446
4173
7797
6976
7655
1367
6221
4191
2903
5486
2033
1230
2766
645
168
5383
4663
5716
8344
3117
6484
8624
3881
4844
4016
8443
776
6017
891
3978
6850
4904
7105
4903
7331
2965
2611
8925
2304
7027
1096
9920
8131
9988
3101
6911
6927
8273
3209
8148
2789
5335
9827
8400
5437
5683
162
1627
4719
5441
2507
8999
5421
3726
294
7096
3957
4107
4073
7816
3036
5189
306
7360
271
8530
3442
7769
2940
8193
413
5574
2275
7830
6684
7395
421
2702
9047
5207
5137
5556
297
3095
8357
3612
6501
8078
6237
4288
3318
3270
1986
8104
4313
4570
7772
8169
2514
3758
7537
5800
1697
5405
4009
8355
3557
2301
6638
7127
8421
9462
3339
3200
165
5298
753
7738
648
1416
4473
9141
8196
7329
5879
8709
7737
1751
7182
2976
4781
8524
9245
6003
9340
2075
7832
1945
7210
8141
3124
6739
8165
6037
942
8761
8329
8407
8622
56
9849
3211
3707
6987
3558
9183
3025
3187
8111
1867
7847
2482
2640
9138
7551
9532
1535
9941
2886
7644
9255
1708
3559
4287
3214
7985
5518
9759
5432
1107
695
184
4455
4536
5309
3122
7872
2046
4588
2684
5032
1540
8552
7633
6559
5507
8268
2420
3831
2891
721
1270
5184
7704
1529
6206
9150
7283
1284
8992
280
9290
2650
6075
2234
6682
2900
7731
2952
3111
1148
411
2799
7193
5894
6023
7102
3425
3639
4295
7553
1657
1633
2852
4898
3173
2593
2017
8228
7960
3941
7792
8431
2957
3352
384
7398
8437
5324
2465
5796
8844
8161
1665
8307
1264
9492
3149
8944
9276
1933
3474
9769
9125
7269
1960
5034
3963
4692
2179
6103
4139
3030
9477
1074
6677
3458
1242
5457
8675
9789
6832
5164
8842
428
6279
7476
3937
3736
2995
6303
3467
9804
4062
8349
335
9282
7898
2114
9641
6681
6693
1764
5138
3379
7760
9633
6535
4000
2094
6453
2167
5663
8225
7500
3903
5553
7442
9046
6429
4472
4020
4385
4667
9182
9793
29
761
175
8763
3871
6582
3210
1888
9018
8566
9648
2445
5641
7474
5462
2045
9456
1597
8367
9041
5250
5381
3583
790
1662
9588
2673
4669
3564
4884
9283
4418
813
1472
263
6675
126
8591
9627
8083
9779
2288
7774
6920
5750
6881
4815
4372
214
6904
5033
486
771
8343
3574
8230
4055
5275
5156
8797
6335
2716
3077
9353
1408
8881
7575
8849
4381
4063
3948
4505
1257
5377
8070
8924
5021
8901
7666
6555
7352
6967
8168
8879
3877
8785
8736
7126
3888
8435
2591
712
6239
1825
6965
5208
5179
1404
5994
1776
8164
8673
7181
7858
3229
3144
8166
6396
2979
4811
8549
2987
6042
8906
6230
5379
5284
7823
187
1115
3622
129
2138
6521
3147
1592
4078
1279
3562
3634
5264
6383
7092
7454
1297
3532
441
8173
5739
3763
2560
2079
8618
7224
1556
6378
4581
5742
5024
4240
3660
8473
4069
864
8932
6797
291
102
6729
5166
8574
3805
6634
400
9324
7133
2417
330
1591
7597
4052
7289
8809
9256
7519
4848
3416
5804
9675
4512
4289
8226
4175
3852
628
8869
216
9744
3388
281
9289
2174
8393
2027
7045
3752
5952
458
4528
5855
910
1208
6592
9823
7920
9400
9686
1016
6557
8375
6968
4636
6052
4790
2837
8609
8529
9091
3857
9438
2969
4185
577
2638
4259
8185
5162
8802
7981
7312
7000
7262
408
2967
3675
4327
689
3168
2156
1573
269
2697
1777
5102
8422
3172
5715
1195
8772
7776
1772
4773
7464
6891
9222
117
5937
7837
3032
7733
6461
324
5009
553
9739
3803
2043
1232
4384
7144
9982
5195
9651
7412
2982
1320
8129
1737
6608
2924
3319
8630
7588
1161
5053
366
5223
4293
7111
6872
336
4579
6867
8563
8912
2020
5606
6214
4025
1722
5341
6895
9175
7332
2748
460
1015
1856
6048
3542
809
7371
4029
6545
104
6953
7046
5282
362
5886
9014
2994
2389
940
7074
3162
7428
3513
7972
8186
7892
1495
4506
4126
1005
6065
2228
7016
3175
3037
8108
7151
1143
9834
315
5833
6686
4673
1205
6059
1908
197
8450
7362
3930
4093
1774
1533
5664
5744
7509
7586
3262
2703
566
1118
4420
674
1266
8045
3684
4158
3341
3287
9240
2072
1744
8426
6584
9011
9886
2836
6311
3137
5963
3759
6988
1701
1330
9543
1675
5307
4199
2712
2093
548
3702
4735
6707
2980
622
8989
9087
8270
8520
4654
9157
8456
5475
5000
3627
7794
2453
8584
1487
8517
1444
5692
4785
9778
461
9223
8147
5036
5519
6038
978
7915
3498
7114
1850
7742
1280
9756
6175
513
7880
3055
4704
5270
2829
1528
4739
25
3060
7489
7246
1730
3221
9051
4965
1298
2645
2973
5149
2101
1907
3000
4753
4362
3705
1914
1392
5703
7207
1466
8821
7288
639
469
1611
8011
6476
7554
5291
9743
93
3864
1175
6497
921
7669
1781
6957
5529
2202
6970
6258
5371
6740
7532
914
7287
6580
9419
4700
1474
4756
9113
2444
787
3610
8462
7407
8557
7851
5789
6794
2212
1621
1946
3896
3777
9583
8128
8220
9457
2265
4019
3587
8633
4086
968
2490
360
147
2510
2583
8555
8101
9430
7155
3070
1616
6151
9209
7638
9470
5688
3717
8936
9772
8523
2349
9965
2700
717
445
9808
7244
2368
3757
5922
4740
1260
5197
5816
8556
1173
1506
4537
9516
4924
5889
522
3177
1476
6517
7635
6593
3465
3469
8388
531
670
7172
135
3800
7951
5330
1038
3390
9266
2113
3308
7541
9635
2345
8926
658
9833
7453
1765
2804
4622
4162
8899
702
7559
1023
5839
9630
3300
6428
5229
6025
5512
699
2069
7404
3218
7841
5260
7367
450
9861
1274
9599
537
4916
3570
1594
5814
3452
3016
7815
4056
4281
1522
4220
3489
3712
7827
2627
66
5178
8152
7788
870
6421
7843
8008
8277
1490
7450
1898
4876
1748
6296
9311
2872
8302
4130
1123
3641
2462
1659
1439
7076
5090
290
8448
3768
6084
4157
1460
6326
8311
9923
3939
8417
3951
2065
2384
1127
6747
570
3683
5684
1303
7861
383
1048
7001
2894
7686
7649
6480
5045
8928
1713
1993
3309
2554
2773
53
4908
6986
5825
4249
7011
2199
2847
710
8789
4274
3466
1881
3536
8780
6015
9383
9305
8332
3116
6963
6063
4219
4399
5422
6195
9445
9258
8503
7791
7970
3386
7121
8486
9509
5460
3288
945
8466
2704
8698
1527
4440
1595
1272
7964
9888
1351
7214
1953
4322
4347
388
1336
5642
5969
6238
3897
1995
8313
3337
6980
7881
6120
7781
923
5912
7810
2743
2944
9038
9155
7290
2630
5127
6259
1836
5779
2955
6299
8502
6523
5610
1437
9166
7700
9882
9968
9363
5161
5050
5861
9981
264
6227
5944
1828
2441
6637
2274
5288
1026
4611
9845
4907
9188
3049
6260
9889
7320
6790
3345
9925
9196
5655
7005
618
9263
593
2264
7093
3769
1680
5842
3463
7567
4053
970
5601
6635
8066
9657
8265
3965
5826
5491
9455
2058
6588
6715
2059
1679
3846
8811
4893
9797
3439
6169
6477
1746
1041
1227
2768
7427
5669
1306
7164
2552
140
4144
9265
8516
5741
9410
7762
7019
5859
4269
3321
664
3472
4927
2746
5882
9252
909
446
1489
2777
4585
4458
2854
3560
1705
4160
7949
1797
5729
8547
8611
4561
991
9189
1589
9525
7835
2034
5984
2169
1959
4046
7977
2666
3421
9207
1612
5416
8465
4488
5657
5762
8103
2321
5337
8242
3670
6502
1668
1163
7773
5933
3785
4628
2289
5625
6547
4445
1219
8303
8099
6519
7768
9915
6782
7261
8132
8513
8325
3201
4417
1237
2418
5951
6080
6894
305
3983
7800
4255
4135
236
1275
8866
195
3662
636
6721
3711
4475
8480
2198
2337
5047
1731
8867
5958
4301
6392
8203
7099
1663
6006
9724
6380
4509
4326
1438
8762
9714
2656
4467
9515
6603
243
5732
2249
9534
4853
603
8463
3904
863
7557
9957
3457
8474
8406
1834
1655
565
2939
4612
3265
3118
3722
671
3991
3738
3922
3284
6329
153
4312
3045
1214
8783
8541
3812
6773
8032
6764
2930
8359
5978
1796
5473
855
6945
4560
2620
3383
2062
840
4604
6829
5269
4629
1100
5046
597
9820
5638
1873
6318
4874
7639
7311
9665
3400
9702
3572
6735
7380
4900
820
6027
6223
67
3779
2424
5985
8493
4114
3008
2690
781
7547
8133
8007
8590
6350
26
8745
7393
2496
8477
8077
3106
155
3258
1424
8707
1159
1615
3967
7527
6096
1059
6783
8328
6868
2292
3933
7722
8823
7973
3584
6511
8468
3600
8360
2845
7540
7927
7501
5726
7209
6188
8699
7595
1739
3275
3917
5596
4894
3233
217
6067
8327
8961
9390
7252
1724
3142
159
1475
4745
8383
6200
3127
4760
1056
9487
1840
729
9044
1720
3701
85
7739
2165
2784
4819
866
5830
7743
8130
1468
6351
8333
3135
5571
3477
7022
5237
8340
3133
2220
3820
9085
5263
4962
6419
1954
989
9488
5968
2246
7715
9422
1085
676
2197
4128
1459
879
2137
8695
7879
8679
8192
6243
3234
1362
1395
9404
8884
1603
7278
9413
6364
4100
7672
9191
3984
2835
3883
3912
9210
6661
8098
6737
2073
3687
9757
416
4321
192
4204
7498
97
6662
8308
2569
2492
2800
885
6852
5297
9006
3588
539
8485
1057
6854
2815
5721
1742
3672
5863
9344
6485
3253
2303
2608
4318
8677
2421
7660
2439
8120
3320
2603
7484
1491
2549
2737
4141
9571
9021
464
7580
7784
2658
3374
7805
1007
7764
2003
6041
3155
40
815
1524
2727
7161
9587
4856
4896
9137
4906
5313
6667
700
8744
6553
6073
7163
6475
2459
267
8573
6301
590
720
7499
4968
6315
9887
5982
3303
7740
4442
5648
7826
1177
9992
5755
7703
8368
3213
7802
2463
6270
5224
5946
2401
7634
1579
6035
361
5525
9520
8047
6176
8429
1358
3471
2064
8521
5175
9750
6173
7934
7641
8540
5060
3254
2774
8240
8266
9762
6569
1930
3482
2407
5204
826
8253
1318
5261
9483
9710
5346
8650
6877
3783
6874
1872
6386
8743
9466
181
492
8766
3152
1778
5975
2559
3921
1882
5114
2642
1590
3703
6803
32
3774
3575
2232
1024
5078
21
2644
911
6410
2244
3243
7753
4891
7524
1578
2792
3787
3605
65
9967
1955
3310
7923
3947
4613
6385
2051
916
9297
9975
3051
2048
9163
4577
7237
5368
2343
1042
7624
4725
3817
1965
2997
426
3866
2556
1345
4084
5212
9071
6908
3876
4369
8854
982
969
2624
8703
8139
6087
8665
1843
1456
2511
6528
4888
9393
2609
9074
2461
4064
2693
7606
854
6648
3044
5810
9678
4164
878
9673
5993
4433
3873
9374
986
9424
7034
3512
8208
6620
1071
2958
1641
8779
3901
4797
5311
8143
5853
9110
1157
7901
1288
4546
6391
220
6131
1599
5780
9246
887
9355
3907
6973
2943
2221
6598
955
2691
770
2031
1068
5591
331
3828
2867
8364
6382
9663
4980
601
378
3716
2271
3781
2276
1365
9032
5472
5391
3633
6990
3827
5082
245
1224
3053
459
4074
1846
8791
5409
6372
8387
2871
1947
1800
1064
4087
7993
4576
6472
5840
9039
5580
3671
1576
1198
6552
3718
2328
2381
9318
746
2285
3176
2584
2516
5634
6774
37
6324
6930
632
2817
5054
9595
2664
7626
8545
804
444
4559
1998
4094
6837
8190
2588
4607
9366
5408
4346
9187
1565
9813
5080
3676
1216
5444
8748
973
6242
6012
7961
1712
3543
9998
2428
1863
6462
7903
8778
4024
8975
8244
9596
5228
1700
5118
4450
9585
6711
7264
7745
4406
7550
5687
5649
2184
1321
2037
2375
9199
6806
172
7203
2047
5012
6527
7631
3824
9943
1138
9337
4682
1688
2442
343
2393
3349
6226
3307
5654
340
9568
4492
2572
5535
1079
9547
4315
5091
1608
3794
8379
3423
3235
2190
7081
1915
9104
3296
4880
1635
182
6788
6940
5820
5119
9148
3504
2669
1294
497
6575
1465
1344
7659
5425
4499
4956
7721
9494
3979
4953
4050
5691
3551
6312
498
3460
4140
6357
76
5367
5792
8850
4647
2157
7023
4228
1333
8504
2881
3974
1182
8764
9906
5390
9323
3096
82
895
230
582
1376
2649
310
9610
5846
6148
6887
6516
1985
9414
7526
9133
6903
4730
4935
6765
6331
1030
4088
1928
3855
5253
641
1053
3784
6802
8310
818
5226
2005
4437
2676
4515
6150
9616
8492
4664
8264
6498
7555
337
7166
4479
928
4610
4526
6856
4615
7999
7437
4051
2543
8601
1304
7003
3283
9079
8352
1823
8701
6716
2974
1950
4502
60
1008
3708
6102
5711
7857
5450
5499
9387
4582
6196
1289
209
6064
5321
1743
5323
3898
6824
4721
221
2659
4587
3251
2454
3043
6997
5364
9868
2758
9560
997
9857
5101
5451
7522
8750
4676
5357
8153
7397
685
8868
7056
7098
4481
7991
9142
5455
5759
3554
1548
2394
8728
2996
2293
3614
6743
5173
3475
6864
3148
438
6126
2540
894
3205
4626
585
9544
9642
1006
6179
6285
9971
8479
9092
424
7087
1063
1786
1854
2834
3260
4054
2849
5675
7238
7989
201
4619
4793
3810
5440
3854
3306
5686
2639
7258
1785
8177
846
3793
5835
4367
8719
5595
5986
6189
1956
812
7732
1970
2049
2579
4999
2302
1851
9522
7916
2334
766
5962
1964
3936
8002
811
8987
8664
2522
9117
4858
1798
4180
6659
6134
5585
113
2238
4812
9999
6019
8298
5320
1433
5419
1779
3788
1391
11
8287
6883
3444
933
9177
3040
1607
2935
3238
2001
2100
5088
2472
7758
2251
8768
7243
1711
1299
5793
4589
2172
9235
3013
1050
8041
8534
7170
6255
9734
5029
8514
9204
5479
3033
4921
7886
386
3217
253
6730
4468
4148
4691
302
5898
1315
1801
3806
9231
9891
9850
2921
7327
2672
3650
7933
7248
256
2268
9303
8009
7097
7976
4151
4392
5098
6514
9683
334
4414
925
586
2405
4405
1238
9109
588
8917
262
3433
3730
7517
7070
922
7987
2427
1117
5953
6758
5328
437
2409
6751
4317
190
793
2678
2126
1510
2192
389
655
1240
5647
9597
5343
4411
15
3123
5935
7570
5653
146
1552
9976
5629
871
3891
6349
8436
4910
3608
9539
7472
2545
843
9636
7273
3240
9370
2487
473
5790
6627
2458
4236
9302
9812
6376
5918
6164
6216
579
8742
7208
8158
368
7697
6633
3503
8076
8812
4325
3361
6524
6842
1082
7239
8163
4177
7460
2840
6628
6858
9729
1252
7562
2508
47
5139
5215
1398
4521
9533
3170
320
4713
1312
8284
8213
4522
9396
8882
3333
3780
452
2679
3441
4594
5492
5015
9978
7712
7561
1975
6245
350
8361
482
6343
9835
7220
8641
2730
1875
5177
1838
1988
8074
19
6321
2993
4007
2680
6008
2723
9043
4909
4662
6619
5063
8035
2820
1879
2887
1354
7211
3334
5376
2701
9848
9232
8031
8781
7759
4495
6641
2019
9493
7957
5513
9325
9026
8216
8021
2920
4805
1222
4689
2082
4765
6403
7185
1258
9709
8356
9295
682
7033
4971
3159
8014
7599
6977
6665
43
4618
5401
7647
4410
4378
8998
4092
6741
8248
5092
9151
5754
3540
218
8258
2039
9959
7333
1179
3645
307
62
4316
8115
1043
6289
1212
6197
5399
4656
6111
7024
9788
4983
6562
8717
2830
6671
3765
3031
1559
7543
3985
1518
8637
8138
8451
6776
3076
5268
6133
3915
4867
3546
1857
6915
1188
4837
9773
687
2646
4599
9795
1268
107
9679
3685
7674
3987
8973
9540
5743
9022
2809
4319
9632
4493
9949
5822
831
6819
2040
6322
2870
1202
2398
6768
8986
6995
1494
9775
377
9281
4297
3411
767
7014
1874
8806
3292
6184
8803
3012
1545
6089
1144
5378
2097
1580
6702
1887
7007
466
4462
3875
2913
7365
5895
2622
3494
105
4167
987
7782
2861
4501
179
7652
5644
4497
6316
1754
4184
7856
7681
4744
3086
4825
7962
9667
7348
6408
8892
6233
4460
9723
6604
3563
1364
1055
3638
436
9425
2253
8907
9615
2340
2898
3328
6022
7041
1413
5983
4235
1310
9348
6254
8583
372
8880
5438
6650
3652
6614
5345
6701
5459
7870
6362
9557
6114
4620
6466
4350
6152
8250
8794
1037
9016
7184
4364
8830
3795
4419
3840
260
3064
650
8603
8916
1119
6298
1340
311
905
9296
393
3128
5907
5290
605
6543
6698
7115
7409
5990
2938
5702
3182
2175
9426
124
7571
9131
8385
7676
6880
9379
5916
5493
1890
5427
8962
6573
4897
24
690
673
5168
6714
3237
6586
7803
9180
747
9073
7808
6520
3360
9364
6890
8826
6282
9794
7186
6045
1099
1477
694
3132
8026
558
1201
9115
2915
7435
4997
5353
6263
9662
8801
5382
8410
7149
3432
78
7482
8847
2282
3816
2237
125
1909
6434
1066
7902
4283
1715
1389
2558
8260
6482
731
8499
4343
3510
7591
3085
7347
7120
5103
5791
13
6933
1317
5400
534
2821
8096
9507
5392
9468
7894
5572
4808
270
5617
6808
859
2562
8170
1113
8059
222
2061
212
2247
6136
18
4190
3527
5774
9933
9826
782
9002
9841
9243
3274
2361
3798
4972
9527
2383
2092
4198
2904
4643
7402
8751
2373
6983
532
5832
3647
7064
6602
3486
8700
7173
6674
7992
3863
6030
2735
7910
7572
3669
2613
552
7310
9819
4885
1509
678
5910
9458
9859
5705
5616
9646
2469
3729
2118
8339
1876
2346
2808
4027
6947
8390
3596
4822
8670
7044
1332
5660
2050
6389
3069
8848
9689
8888
9459
213
9550
9896
7650
4591
6664
5490
4436
4320
385
3908
9427
6356
5066
932
2775
4435
8610
6830
8600
1549
9524
8415
4504
5635
6866
9440
4694
6985
9316
9872
8864
2140
4333
1054
1326
4103
612
9885
3196
3714
6949
3399
9285
5837
9986
9972
2966
244
4595
7507
7268
143
3434
1178
2931
2261
3050
8397
2476
9465
701
8914
9098
8053
7400
347
1302
8711
691
203
1554
74
7276
3392
526
6457
8458
359
573
6398
1979
8370
3092
889
1147
6515
1571
1402
1978
9441
8004
9106
9787
349
5722
9369
390
5194
5344
4310
4246
2364
3
9942
1853
1493
5906
4023
7206
9062
3231
2148
7996
4336
9228
2628
6644
602
2749
249
7468
9084
5100
3114
8870
4529
3372
6884
4772
8741
5542
6500
4013
3964
8235
2425
5516
9259
8963
7168
277
7002
5522
6094
1187
6994
2310
7780
9921
808
8061
4483
481
4677
3755
8262
6646
1891
8588
926
6046
2063
6732
7271
7370
3859
709
9402
3858
191
2474
9270
3273
7085
9852
7736
2880
992
3414
1551
2725
5851
996
3047
8167
4272
6290
6901
5354
3916
7029
3695
4211
5411
3802
