3066
9779
2200
4562
7145
4156
6816
3694
6443
4557
4422
8431
7965
2957
1905
2523
8785
57
676
9910
9383
2991
3304
5414
228
5401
2145
634
5347
4988
9614
5871
1021
2947
2889
9483
7767
912
1824
3391
2598
9311
610
3994
5813
6885
3267
2680
5485
4958
2701
9728
1431
7138
9847
3386
8736
1645
1599
7903
9293
8219
3863
8863
5493
1695
349
4886
7723
8612
4883
7280
5120
409
2708
8079
2961
4313
6967
5600
1467
4741
1931
3620
1371
3223
1016
5800
7276
9689
6649
7423
7225
6121
9860
3272
3593
588
8667
559
5473
5318
4126
8574
4860
8153
6096
1451
3292
2984
7698
6056
7189
1956
904
8834
8402
1538
9644
1577
7195
5355
4663
484
1359
2628
2567
1656
5437
6060
2247
3325
7274
5989
7489
8145
46
8420
123
5346
6075
3713
9854
994
9379
6957
8438
9928
4233
2036
8645
9930
3204
4523
4262
1462
2846
9211
5074
7199
9587
5407
3573
9778
1228
4650
6515
3985
4150
2346
2838
4707
1951
9758
2110
8670
9633
4660
2576
7700
6094
6844
5075
7505
8275
8175
9945
1078
9603
6361
886
5221
6109
9280
3999
1633
8151
9371
4709
4491
1679
7335
5968
5767
6155
6720
2611
2569
5099
9155
6070
1758
1072
4959
4905
6495
8682
6169
5503
9074
988
8063
5207
6680
488
905
4742
9274
7995
7387
8262
468
3183
4177
2150
1137
6205
2262
8336
1056
3653
4501
7796
55
4719
8696
3617
8908
1329
9956
839
8042
1945
4921
2685
7389
2691
4936
8334
7550
6080
143
1085
4289
3080
8814
5923
5597
2962
3371
6548
3003
4309
631
8447
4797
5212
8947
2124
6130
1856
7220
7160
6284
4979
3847
5595
9374
9568
7187
1002
6798
3769
5580
9583
4191
402
6908
4547
9460
3254
5784
2751
8470
8517
9009
8446
9308
5512
8077
7981
1116
2515
2277
6038
7809
4674
2837
4385
6965
6857
6497
1878
478
717
7340
1518
7688
8788
1483
2264
7803
3770
7597
4690
6226
780
2915
397
7574
2315
8926
9389
806
7223
8048
4963
445
1632
1552
2858
500
5796
3450
5764
1502
298
2958
9776
9260
8099
4656
6248
6750
6681
4212
4618
8350
7530
9850
4731
2610
7390
4252
6126
1849
173
2756
936
4237
3843
9230
2389
4616
9543
8259
4180
7730
5567
8507
9162
1499
8543
3323
8074
4577
7512
1438
9253
8239
9497
531
5506
1683
1320
751
9038
621
2340
4179
8765
4389
8763
8748
8499
1442
7804
8528
7420
4702
2459
6764
9488
8276
737
7761
6653
8531
8250
869
5381
1227
94
5216
4558
8111
4933
690
6210
5992
5354
9913
2064
460
7752
2994
3390
6821
6563
555
1391
4315
5690
6859
8308
7858
2649
483
7419
7128
7116
5551
4164
378
6487
4699
2743
8027
4755
8651
624
9156
9326
5089
2275
5079
5306
9774
3656
335
3838
3189
3530
3338
7835
3327
9506
5824
4836
20
4813
9773
221
3484
606
5895
5637
5107
6783
2603
9122
3817
2059
536
9201
3074
9763
6785
7296
2599
2594
788
5387
6503
9659
341
6059
214
5453
3491
4431
8439
712
151
1053
7013
1940
7498
2112
9496
6799
6543
7345
5921
5957
2013
7131
71
8738
6183
9052
1973
1536
722
1803
9221
4694
2597
451
1786
415
5983
2380
7407
5676
5298
5807
2449
3641
9971
8715
2484
5042
6736
5029
2499
5282
2154
3676
2898
7852
6550
7304
7361
1530
4917
5869
4149
8646
1802
8300
3762
3315
2119
8717
9185
5650
2343
3908
602
182
3877
5504
9511
3674
360
8552
9625
9469
4763
7527
6246
6639
8199
8442
789
4911
2004
8742
3678
3759
5679
8434
6536
2128
2642
4601
7272
678
8537
9769
4011
4061
2391
3058
1458
5442
7471
9674
9123
629
9013
7117
3622
2298
7679
9586
5828
3414
2640
7923
7959
1900
758
2374
6253
7214
4629
6695
9102
9599
3018
1248
9191
363
3437
6854
2490
6315
6547
2618
9816
1935
2359
2063
3995
6673
9562
1070
916
5516
557
2383
4776
6728
5340
2593
7826
3647
9915
4360
3070
274
7766
6794
8234
808
5307
8896
6784
7850
7733
2546
798
2906
5518
1355
1843
4646
7781
9898
8349
6035
8136
2475
5351
322
3891
873
796
9400
5265
481
2458
1873
9793
7585
8408
4418
6606
3598
5889
7047
4919
7891
7285
5385
1958
5021
8348
8848
9471
199
3198
898
8211
62
3075
8951
8330
5866
3005
2779
8508
830
2504
1715
8489
8279
9042
1578
6028
9804
210
7978
7709
8368
4201
3699
4381
5901
5444
9703
9111
5735
4724
6007
8585
5987
4922
1772
9498
5438
1042
1862
455
3778
9219
4704
766
7857
4642
1104
240
3421
767
5071
437
1909
7072
4241
7685
1152
5644
7372
2694
7593
1787
9127
7007
8036
8327
4981
3882
5180
5315
9942
8216
4841
3054
562
1622
8940
4411
3826
6874
969
5137
2673
9902
510
897
1899
4068
9685
3666
6343
8580
2542
5434
7207
6140
8369
8704
9789
9559
5024
2627
3279
4213
1625
6881
5063
3237
6488
8516
4605
2213
1436
3786
452
3041
576
5148
3305
2198
4863
8862
853
2748
2665
1066
7601
6939
4304
9809
9054
7536
8504
3715
6107
1312
1186
359
7893
8568
3326
8526
8883
8464
7421
5486
3787
1464
5141
5607
2732
9134
8274
44
5073
6860
6440
8688
4698
315
6406
7751
4299
2921
8164
6357
3589
3996
9411
9961
3238
671
3714
6706
623
3878
9822
6914
3919
5946
6666
8613
4375
7653
2286
7501
7554
9978
224
4778
6663
2430
2564
6100
815
6888
3229
4049
4949
8339
220
7956
3894
7461
9868
3102
7948
4938
4135
7359
3243
4034
4044
1141
9719
1990
475
4999
8760
822
5368
1293
1659
5257
8354
4230
5348
1680
7665
3708
9358
6233
1907
4428
1009
8486
4481
7270
4918
4522
4812
7818
3634
9745
8578
769
4953
866
5294
734
2047
3963
727
9203
1139
3467
2293
4059
6788
2937
5254
6086
2292
906
719
4570
6022
7635
5830
1747
3146
6197
7996
928
5681
3698
8398
295
3951
3797
1714
7543
3059
6730
1219
3441
1674
7024
7497
4217
944
5582
3820
1361
9742
2770
8636
8595
8236
8204
5557
4806
1592
7308
7031
6304
8129
2930
6932
2026
177
2427
4716
5236
9831
2682
1353
5256
2194
1352
915
6442
9673
492
5352
7002
9490
2931
5888
9733
7765
8477
8503
2257
7301
877
9869
8272
2590
1296
8676
654
5534
6408
5406
3695
7299
1291
2432
2446
48
9012
1912
6136
3613
168
5680
1646
6111
1544
4754
6276
394
7442
2034
4672
7191
8686
8249
2366
293
329
6948
3317
8955
943
981
6125
9737
803
5184
3423
9397
2844
9231
4519
8214
3746
5982
8616
6786
8957
4785
1661
4751
7126
4703
7909
396
4146
312
5922
5811
689
785
3603
3288
5146
1866
5576
9292
2109
5725
5602
2134
2775
9323
7586
4440
3373
4072
1852
2162
1121
3972
7696
9405
4327
3148
6318
7521
4239
6192
4826
8243
9329
3885
2465
4700
4012
2904
8859
2245
5049
7975
6605
7584
1304
2796
7014
198
6412
1316
6303
7196
330
9058
4545
3860
3463
102
5456
6424
6362
1846
6897
2790
3394
8231
7658
303
4218
7868
3682
5277
1363
1394
3585
8923
5231
2516
9394
9407
367
2460
1415
9077
3561
543
2810
9875
5190
9107
5483
3322
6791
5673
3274
6634
547
7663
7757
8273
6640
3453
4270
1026
3372
8523
5783
811
8931
5361
781
967
2225
6466
5077
9170
2032
3090
9008
9750
6838
2982
169
9686
7436
8910
1986
4475
1399
1339
7875
1741
6982
7769
131
1133
8796
6457
7460
4464
6344
4915
9239
6842
6465
2229
5978
2722
4595
6455
8778
6962
9948
3393
4408
3711
2406
470
6332
6073
1364
1615
3794
4280
881
338
6447
4202
9335
2019
7823
3630
7310
6372
7106
1708
7736
4585
6623
9949
6355
6727
3116
5201
2662
8291
2817
6135
970
4640
1593
7697
538
1523
6225
2126
4145
6199
2219
5427
6079
1495
6400
7008
687
4623
5090
6463
8261
9772
5360
4823
1302
3165
4515
461
2049
5671
3180
8939
4269
2153
456
446
4857
3659
7892
3281
4611
1572
9905
8454
2959
503
3637
809
7919
6938
7043
2911
975
9619
8731
5614
3068
8270
1400
4478
9648
6733
8705
7241
4114
4232
4442
3810
8593
974
9764
4378
7015
9337
1895
9540
2552
1381
6787
2614
2526
1099
9661
3498
7167
8444
1710
7562
2943
3507
4507
7417
5912
3241
6735
80
7190
7648
5519
8829
9639
8441
5461
8394
5752
6661
1608
9403
6187
3406
7528
8284
4209
3742
1627
9356
3298
487
7176
3399
9220
9342
4214
4275
6851
7022
4750
8193
1366
4234
1983
7573
4383
3081
384
1215
8155
2639
275
3000
814
3935
3895
5166
9281
1864
7049
812
2157
9969
8891
5191
8899
5329
9478
3910
6083
3085
2218
8173
9368
4133
653
7321
9285
7678
9416
7797
5926
6039
8973
4087
1524
9359
7201
1648
8743
8007
5569
7184
8774
1566
3276
1563
8476
1831
189
8787
4987
8142
4636
8307
8222
1250
3927
1969
8179
4282
1129
4701
526
5474
8764
6853
6243
713
1863
551
7985
4291
1162
3606
2332
3172
9297
3388
4867
1271
2445
2087
9372
8630
5619
3088
6120
1188
1034
3464
8322
3736
3538
1565
8890
9624
76
8632
7369
9284
9378
8010
1193
8019
1333
1665
6985
8040
3287
7402
9021
561
7535
3848
3512
7579
8057
2246
2231
3631
9986
4397
6944
7713
1543
9955
9068
426
1410
893
792
7540
2302
1443
7394
6927
79
3221
2479
9157
6349
7808
8162
3079
3905
2674
3646
3342
6849
1768
4228
2892
747
6444
3108
6617
2881
7030
5484
7961
3777
6311
6062
3025
2626
4347
2633
6401
3072
4844
7264
9410
2519
4553
1212
4176
9415
7021
8375
3809
2622
1073
9361
8399
67
6312
3543
1151
4624
6795
9399
6282
9377
5643
4322
2005
5332
302
150
8909
8629
6610
9896
5947
3818
4535
9104
2282
7853
5839
5707
3257
4399
6828
7041
4589
38
9251
979
232
7820
2511
3140
9467
8029
8549
100
3896
5937
1960
3628
9864
7035
8407
8096
2072
336
548
714
659
2352
9952
7205
1043
8070
3876
5964
8183
9072
3456
3604
3485
4730
8907
9004
119
9943
2079
3849
8359
2328
7819
5857
9968
1341
5496
4005
4978
2256
269
2666
4793
7983
1811
8911
3347
3449
9510
9435
9563
9172
5795
5561
725
2976
1508
6299
2924
986
1485
4714
5596
8412
9350
2375
9362
819
6541
9179
6017
6114
9730
242
3720
1934
3368
6528
4117
4224
256
739
1368
8152
2232
4002
6906
2321
5163
9015
9380
3855
7863
4242
6365
7064
2562
6656
7294
8547
413
6327
6924
1882
3796
724
3285
1842
4882
5788
4161
5935
6164
9202
8324
7542
9501
3091
157
1111
2012
5411
7133
567
8566
8521
1220
4301
4124
34
5623
4909
96
5448
882
2974
1528
8092
3667
1640
6240
718
3021
9592
4661
6220
8102
2795
323
2305
4540
6879
9041
4348
8427
7379
255
95
6607
9431
604
7249
3475
7329
5353
4677
9351
7009
5859
1532
4060
2565
2084
6483
6715
5403
7942
5472
5501
7446
9430
5156
5523
8644
2834
7813
6018
4527
3825
8673
556
8605
3525
8520
1657
617
8460
5041
6072
5855
4913
9727
6266
2932
5154
4119
2151
525
9622
9829
8718
5475
2463
1671
9206
4334
3334
6131
2404
2636
2635
5861
2250
6037
589
6425
2831
5550
3750
9040
6168
1700
2983
8502
4717
7984
8759
7029
9536
9921
5303
6460
8002
2082
7572
2039
1493
5088
264
5822
3022
4245
9262
8253
9226
8540
5324
3200
7080
1135
3152
3113
7680
8522
9417
7332
8917
1992
1725
8915
5161
7004
6812
4865
1885
3665
7945
1805
7059
5139
2575
9609
4825
1690
8967
7086
9079
4362
7428
7642
3574
4181
4974
5754
5984
8713
6116
4526
113
5195
5546
7829
9530
374
691
3749
2080
1314
2842
8797
1106
929
1225
7974
4263
7291
8065
3557
4950
9989
9007
405
7633
8803
8466
4226
5255
3170
5832
6774
7095
8621
454
1168
4253
9585
4802
8373
4880
2868
5399
8478
7881
3261
1780
7337
3904
7731
630
105
7287
2681
7605
6058
6535
2656
693
9823
2429
7168
1191
2804
364
3020
3734
8874
5747
5119
2808
1036
3101
3636
910
6869
5011
8174
4303
7643
3251
2553
2078
1979
6827
3330
2963
7470
7702
5323
6267
4076
6178
8061
1609
9666
8066
7057
7152
5599
3191
8131
4625
1617
4692
2797
3457
7979
4874
7590
3224
9735
9115
8556
1405
595
9282
6882
8435
237
2585
3803
3738
216
3875
6394
9087
7918
1999
3897
3522
5471
6279
7211
2763
8335
7036
3914
3851
8347
1914
4561
7147
6952
4772
7415
3639
9218
7298
7256
1545
6336
1086
3300
8126
8474
8105
9353
1709
5177
5896
619
5925
6841
5823
662
1275
8783
6132
107
6078
861
1148
5530
3675
9771
5375
675
6388
5845
5404
8458
5469
1516
3086
4539
111
8158
6494
7328
8034
959
4509
5118
9680
6
9118
6369
2236
2048
3053
3225
2847
1450
4598
6829
2699
6740
147
5979
836
8674
2083
1124
351
628
9937
6061
2
1513
3856
609
1771
9140
9246
4043
2998
5026
4351
3776
3389
9618
6718
1231
6667
1629
656
6597
1737
328
9706
6364
8534
2615
8026
2563
5116
6433
972
3097
7114
7173
8033
9976
9453
4494
6019
5743
2524
9324
250
3536
116
4756
4320
6525
5969
605
4520
64
5718
430
7451
9883
3623
2230
8594
6949
9145
8830
1845
9422
5046
7763
2241
9518
350
9051
1930
8224
1087
2852
3106
6552
443
9527
6896
2724
3771
2895
7085
5858
5948
3459
9838
2255
8944
3528
5103
1663
2369
5574
5131
9908
914
1459
5772
3306
9833
6752
6742
1598
7900
5035
7659
8626
7614
7178
7067
8135
8409
3134
8418
8062
7898
7260
9076
7607
5316
5295
6767
9632
5244
4508
5906
3939
2505
283
8227
422
3379
4123
4432
9514
1460
5031
612
3612
1206
8437
6368
4569
6704
5153
674
9139
7331
1781
2869
6381
5544
8037
1770
3374
8697
2664
3227
1204
41
5349
4819
7937
977
6468
3768
9739
5642
641
5459
5720
9110
1793
3929
2744
4277
3690
7560
9827
8770
9398
1987
9814
603
598
1550
3757
5961
6553
4706
568
7973
9402
1504
6345
5816
6568
9663
838
2253
8426
3073
386
1739
3213
281
2060
6800
4935
2784
1160
3767
5242
9466
1576
3955
3050
7142
2015
5510
5005
7398
787
4798
5028
5196
4927
3024
406
5039
9725
1966
7486
98
6696
4743
411
2721
8727
6016
5929
5370
7403
6726
6009
5189
8031
579
7791
3454
90
7907
8884
9457
7401
9424
4551
5102
9580
4220
1379
8172
1011
6621
3284
8230
9964
903
2952
3884
3964
9061
2285
370
2299
2690
9734
591
8745
2700
9193
9492
4937
3065
5529
1103
4960
1635
7251
1331
2518
5502
1605
1294
2720
6281
3442
5067
9099
5936
9438
2975
6523
7555
6590
505
6950
1028
310
1386
9423
7170
4154
1589
9317
7792
9224
5575
8869
1402
2094
5997
2472
2874
6321
6894
8083
2170
9637
1010
8562
6589
3014
8473
1334
291
489
7392
9754
2670
4678
1205
6669
3482
9486
4928
9165
8757
5392
8128
1764
5715
1954
9347
5611
5142
5233
4229
6761
8885
7206
1115
530
7654
9912
2215
1356
1794
1751
7624
5697
7637
8220
6721
4345
9010
3864
2311
2764
2269
2792
9954
4898
4174
5721
6407
1369
8592
622
7768
6616
840
9196
1202
8925
6278
9885
7300
4140
1828
5458
7994
1814
7631
2595
6105
2075
7827
7741
4285
6452
8087
2267
6931
6434
3480
8898
8821
3234
2466
8023
8296
577
4349
8297
9914
8680
8974
3293
6363
2410
3704
2351
479
1520
8901
8098
7327
2061
5794
6645
6215
5633
9106
5112
2412
327
7125
5761
8263
2990
8104
3515
4620
8465
1422
3141
3159
8754
3176
8847
9519
7404
82
6758
3519
7468
1008
7559
8425
9485
474
4278
97
8934
7580
395
3962
9341
4363
2325
8652
7084
7924
844
8144
573
5278
6675
120
260
8312
4843
9672
7651
4805
2609
9636
907
2205
8267
6729
9796
2514
1254
5092
3529
729
5851
2379
5867
3886
9344
899
4221
601
319
2363
2096
404
3201
1554
4894
1349
616
3179
6522
1048
9276
7799
9607
8341
571
4779
7348
6978
316
7794
2333
5451
875
1944
2156
1792
7261
8956
7556
3532
728
1925
5350
5893
6903
1033
1748
1346
9938
1261
8948
1230
2289
2261
637
7871
3887
1726
5748
5080
2651
1138
9033
3324
8635
3916
3761
1838
6793
1197
9876
4487
5903
5712
9126
2799
4612
2933
5612
51
3591
7777
6825
9250
4940
7824
9600
6273
3115
4286
6835
6334
578
2493
6651
7177
5062
6676
8041
2114
1542
5627
5113
5744
5095
5749
2208
202
8982
8617
9729
5873
8975
4105
8749
9608
9421
5814
8588
9097
6081
2500
9001
1213
1567
940
106
810
8225
6328
3027
2402
744
2007
4998
2028
8364
3527
7617
6165
8011
3979
3339
541
1049
4726
8780
5466
4204
5087
1013
793
2273
8906
8085
2199
1109
6942
2675
467
3438
3693
6074
3721
4912
3196
4323
9160
3793
9693
5696
4014
3968
1875
7545
6419
8965
794
9547
1614
8333
7902
8032
3754
7969
3282
6832
4489
5037
8170
8871
9444
7750
8802
6576
6710
8133
2730
4318
2925
1894
6532
9761
8981
6637
1795
4354
6619
9334
3500
2444
2217
5545
7233
763
4683
5203
5359
9241
5266
9200
9182
6214
5140
7192
6862
9265
1340
5802
8980
3042
6354
4410
4490
9936
1385
3337
4859
3433
2338
872
288
6614
2985
491
2885
1891
746
4163
9555
7074
4567
4292
7517
8000
8388
7463
4159
1744
8257
3903
2482
9180
8826
5689
7439
1596
3164
432
777
1519
6707
9844
9408
7380
3533
7123
4196
6216
4916
137
7107
9888
8655
7982
4530
7548
6493
7119
3831
4085
3451
2659
754
4358
466
6537
424
7650
5511
968
1713
4337
6883
2195
8877
9161
6810
9445
1315
6644
4792
1929
7271
3048
8546
8726
4910
7055
2582
1266
8071
7913
1643
9082
6104
3320
7171
3268
7484
4346
2399
153
3804
1797
8792
1084
1252
8657
5865
3418
6840
7447
9984
5283
9360
7395
1658
1183
9304
8942
1619
2755
2652
8590
8365
550
6697
29
5499
1260
5210
2303
2936
7098
3915
2715
2187
7581
5622
3570
5780
5970
8938
5223
6181
1425
1321
1470
4248
307
8937
6048
7832
2152
1740
2073
6714
2589
7980
9788
845
8734
3821
1937
9528
1606
4435
3998
971
9261
5670
1522
6172
960
7425
7862
8634
2558
9966
4516
2041
3253
3618
5852
8295
4667
4732
5054
706
3114
3775
1393
3654
3952
3190
4693
9450
3446
162
7504
8097
2934
7320
1559
5495
8363
4070
4128
5268
9591
9312
2453
585
5699
3341
1189
5790
3473
9946
3010
3219
1889
3724
4593
851
7236
4416
4486
6426
9799
2820
6724
2533
1806
9740
2557
2713
2111
7972
5734
2434
7523
3226
8753
7082
1278
652
8157
6119
5172
2525
6176
1299
692
8278
6643
6560
3833
5950
8808
1428
7704
1588
5562
1095
6144
4015
9086
5217
9922
379
1662
7158
5186
1639
6963
802
3110
2894
2729
2174
5
1018
7366
1142
8116
6678
2408
7431
7357
7075
7608
4443
7817
8801
985
6498
4053
709
5362
1996
6708
670
9452
9781
4386
462
9756
257
2850
508
93
6987
9365
4579
2551
6966
5463
8571
3705
1161
1118
5152
5390
2986
3142
8315
2386
9645
3686
7346
8280
8201
782
6751
867
825
924
5663
8597
2723
8228
239
1432
1754
6630
9363
2216
9016
8397
3490
9576
4197
5672
9305
9166
6115
7495
759
7370
1595
8643
6929
3232
473
8139
2711
6689
6688
5175
7802
1489
5776
9391
3299
9993
5310
6834
5384
6044
7275
8120
9702
7710
3575
6141
2754
8440
7964
6801
5915
707
115
2243
1101
7209
4946
7721
3291
8317
2871
4899
7558
8081
2688
2042
1122
957
7999
9437
5155
9401
8887
439
829
9119
6386
8326
3263
8195
6531
1833
8254
6911
4284
4669
332
3987
1143
9577
9316
209
3495
1525
4995
4878
4850
7037
3638
1887
1265
2414
3596
4773
4679
1537
6274
791
7455
5775
4206
4058
7079
6538
2951
5051
1897
826
5286
9413
8831
4822
9057
4628
3301
6577
7563
2081
9236
5126
195
745
6624
2782
2467
9664
9931
3245
4645
6803
9546
1338
6833
8008
1840
3082
5206
4687
1915
7926
6167
3381
4864
6003
513
2650
8073
2997
6441
6943
5068
1677
7690
5097
9571
2021
6375
5500
6006
5590
8687
1613
3748
8178
5587
4055
5038
1800
8793
9560
1244
4148
8485
9746
8450
2030
4760
5939
6351
9117
355
5702
2485
7499
6133
6935
6025
1946
3911
9138
6413
7163
3725
7466
748
5373
9101
6353
8959
2052
8825
234
3177
7874
2161
7003
2707
1027
2394
6383
6873
3107
3156
5698
8282
4610
4160
1591
1433
8500
1527
7053
8047
9242
3244
3920
973
4388
388
6603
4099
4664
4047
6182
6251
9295
7507
1416
7397
2845
9153
5269
6095
3753
9643
7670
5234
3976
9100
3376
4630
5076
321
7921
6600
3722
7620
6754
9103
4842
2220
765
7720
7017
4685
5345
7742
6014
5641
3496
1732
7183
5168
8006
4596
3874
5135
6749
6200
5951
4809
6679
2861
6595
6625
3609
6910
511
8811
5170
1461
9963
3592
1145
582
7578
9278
2454
5632
1961
3730
9208
7626
8879
4634
2981
8599
5606
3824
1418
1243
6475
879
2260
4944
1702
5798
9169
7339
509
8044
279
1509
6613
7895
5241
7701
5147
8039
2742
6555
1767
2794
6012
3290
5686
5297
7443
6026
5169
7422
7539
3531
1268
7027
8380
3015
7872
2090
2758
9268
593
5739
2203
7224
2024
5388
5678
441
8647
8184
8286
8744
2433
5588
2239
9425
6748
6818
564
347
8550
4666
2829
2387
1477
3439
7598
6203
3934
498
7594
5124
5825
4845
5059
4469
7326
333
3827
4668
3632
2733
9959
9811
864
7931
1246
5492
7990
6045
7071
7604
9918
1962
7102
1350
6399
7621
6092
7887
7186
3648
1201
1701
6261
4604
9092
3404
8432
2295
6930
2766
8978
4829
7801
8325
3930
4688
3779
6664
1236
5481
7613
2138
6421
9926
9345
4437
9679
1704
4065
5053
3275
8053
3850
2436
1465
2069
1829
2570
1556
4503
5991
3236
8729
2536
6596
2608
2476
7683
5060
2935
1469
6454
5086
7281
3792
9199
4264
3658
2867
2210
2741
3516
7473
6191
1898
4434
252
9897
1959
4483
4158
2580
9386
9187
1886
6179
5070
2300
7502
1557
2441
7800
3751
3184
9263
4581
1357
4256
933
8229
5227
2085
1345
4402
6040
9612
2050
6405
1788
7148
450
6633
1046
6773
4818
9084
203
7052
1437
1728
2108
4364
9723
8209
9520
2620
5986
7774
7087
1113
4908
2954
9849
6077
5160
584
3103
3823
2624
7475
848
2486
7066
2823
6346
24
752
4837
1916
6659
4205
9525
414
5014
3309
5033
8701
5101
6934
8113
6713
56
9856
5365
1117
1534
5064
7946
9480
9089
2801
5104
5652
8351
8809
9212
4597
3278
6826
1494
25
1881
5806
1020
6819
8020
262
9808
9387
1208
6508
1801
1694
2716
4125
4255
6871
476
9063
6684
1641
6559
5771
2165
4947
7943
5875
5791
5193
6581
6485
8371
3063
8837
9314
673
4421
5301
9917
7096
3988
235
640
8970
9717
4929
4048
3785
9862
9705
1180
2045
2828
9720
2211
9642
5719
3161
6331
6376
702
7947
1825
5966
8303
1159
753
9561
9792
184
7715
1074
3624
1185
4635
3936
1209
5304
614
7216
3517
3333
6582
3118
1628
5478
3608
2349
5228
7226
4930
7010
6922
4361
8969
1388
5706
7628
7198
4900
3703
1623
7705
8577
7606
7561
7784
7739
2859
6411
900
7154
9502
3865
1068
7640
81
8882
3296
963
7998
4028
2549
6129
3547
5462
1826
4984
6554
2361
1471
1211
9802
1144
5927
2969
9651
732
9824
2204
459
7806
1102
9463
4675
9815
6219
3220
5808
3868
4830
4854
6521
4975
3534
987
4708
8235
6275
8414
6968
9578
10
7992
7449
9112
5159
698
735
1158
2993
5264
9461
4459
3111
9000
9951
2288
2271
4131
9654
6638
8251
3415
7538
6356
1163
8817
6507
5096
7032
8109
1813
4194
7293
9846
9462
2972
6585
9595
3684
9433
7920
5121
1380
6973
5393
730
1150
8565
2439
3741
5959
3137
427
1498
660
5714
3755
9062
6054
2483
1127
9216
5379
6778
5955
53
6051
171
9790
8963
2101
6147
7094
5420
9534
8683
2191
8501
16
3416
4225
3429
644
141
9198
5394
8112
3504
1396
1015
3280
1054
5693
8864
4613
1820
1210
4276
4982
998
3344
4189
8403
5736
2813
1778
5917
5956
7569
5724
4016
6023
9558
999
5651
7092
2312
4888
3542
4644
4505
514
4081
5326
3162
3007
2571
8849
2989
4250
7434
8329
3098
9067
4506
3089
2543
6926
1403
9442
7747
5787
2011
1429
953
3601
5423
3061
40
1445
9428
3845
3345
200
3353
939
164
1859
5919
4000
4964
7405
8524
8943
3523
5311
3926
6250
8161
7444
6482
1344
506
8299
1284
7324
8641
7879
2254
9891
3737
5536
3726
2238
4321
187
5308
3541
9786
8949
7414
2971
9043
8860
2780
8858
9214
8451
7682
4461
5770
6450
304
9655
5817
8918
4524
4008
2882
7564
4479
6976
2623
2462
5133
3358
5732
4203
3104
6622
8509
6063
552
1585
4996
9626
948
2818
7445
6753
4866
3203
4525
3192
9683
9426
5793
8672
3735
5636
800
6492
8148
685
1376
2020
9018
1644
635
3055
7097
1917
9572
7349
2530
5001
8246
4550
2550
3922
8127
9235
6249
920
5432
5145
3329
5640
1061
8018
7311
8125
3462
8306
9516
4722
9647
859
7565
5535
7410
1533
2520
2368
6584
8049
8480
1753
77
5425
5949
7778
1171
8320
9406
1012
8867
6797
6085
5291
1264
9167
2887
7533
8979
4308
2578
6030
6326
7734
1703
3403
9513
4811
4064
9780
419
2840
6848
8337
9184
8777
4306
6428
7603
3580
9125
5267
8542
9579
9537
1667
8258
9712
1854
8604
7657
7265
5704
4622
3912
4415
4568
3348
5443
5408
858
6371
2783
4627
3780
7821
1200
486
2464
9059
5842
7411
8666
1234
6769
5044
7773
6705
8850
2451
5313
7063
2488
965
3431
1233
8603
74
4243
6878
7228
4240
3187
8807
9030
8707
7458
7596
5831
4121
9325
9681
7356
7522
8735
8941
9446
1253
4247
7040
5004
383
3452
8159
2167
6198
1761
1435
4216
1570
4556
408
6241
711
2973
8737
6723
6951
9777
5235
8710
6358
2788
7537
272
3933
7409
9650
5377
7363
3712
2095
5025
7313
8095
9770
9979
1290
6099
5985
6526
3873
750
2995
2884
7894
1181
8014
3789
9154
6892
5457
7174
3578
4295
3671
9784
8086
211
2948
2287
1560
4427
6367
566
2704
8758
9459
8055
1358
139
6289
5695
3564
4541
6222
2345
2193
857
9526
4112
7518
3362
8294
3602
8962
4892
5012
1249
4621
7795
8596
8554
7745
8305
8699
7334
955
4182
6402
5214
4325
7762
4576
4619
9028
8782
3645
6340
1335
3687
1235
613
1140
6027
741
8695
9748
9090
6422
3862
4511
8075
8147
448
885
5034
518
9676
7722
4496
6955
8290
3925
4676
2863
1040
3351
8996
4924
2923
3425
2202
429
1750
1322
4816
2527
3957
3030
7169
7230
4774
6236
2426
1723
6418
2251
2554
8779
5174
5908
6117
1503
3188
3032
880
5669
3259
1407
9273
4738
9025
6270
197
5756
3688
512
4799
3006
1351
1216
3119
2224
2319
2249
4151
1488
4113
5846
2839
9532
4326
7609
9313
5129
3096
8356
4934
4369
8415
2279
2945
8698
5422
570
6319
6389
3036
3672
2353
6184
3031
8471
9887
4925
7566
8511
4026
2752
7307
3594
1952
6999
5069
9794
3266
6612
7279
2938
9573
7352
1199
1970
7570
8498
4536
7166
1815
9039
6771
3312
7837
6128
8559
1719
7811
2534
2496
9479
2377
1408
8459
4528
2356
8589
5082
6041
2949
8839
7476
6958
2657
7760
398
5737
4297
4341
534
1001
5151
9826
1149
8389
2655
892
121
5785
6180
2826
8345
5880
8548
8366
5803
3758
1510
6905
3419
9880
1841
6047
984
21
8379
6686
7759
1179
9081
1985
9307
389
3607
1807
6453
8052
5338
2726
1222
1830
7005
7883
9893
3948
6265
7691
4586
3892
9419
5658
3209
442
5040
1229
2905
4498
1982
9749
2116
9141
3166
4139
180
6033
3222
4451
2093
219
2787
5629
8143
3931
9900
3060
6185
5753
5514
6339
8059
5520
1832
2365
9031
7413
5513
37
3506
6858
7269
3562
5226
9229
5300
7785
639
8751
9791
5296
2644
3095
8557
1918
5130
9027
4834
1651
9296
663
6738
6998
407
5498
4078
6202
4873
1014
2113
4366
842
3465
7938
1080
8024
4765
7770
7693
8132
8669
7101
6324
183
1837
8124
1448
5911
4814
6034
7318
45
8798
9024
5078
7338
3697
4238
2265
2420
716
4510
3067
6258
3443
8076
1276
5666
8709
8977
6599
190
8986
2158
4287
5556
3900
5684
4257
3625
2413
8088
1187
5238
9668
7221
7865
5844
9396
1880
9760
2757
4643
8950
8600
4538
9721
2242
6427
1045
3537
8866
2160
7758
8169
9861
3411
4493
8609
7309
4401
3476
9649
8226
8750
6674
9787
5136
7482
9623
9935
672
471
6940
4328
5117
4499
4279
3651
2326
3039
3550
5918
8146
18
1540
6960
6920
2118
2443
2270
7703
9489
989
9994
7638
946
932
1323
1546
7854
7459
8167
1093
6268
9924
2876
8693
6112
7845
4467
8001
6876
9439
6867
6373
6235
7833
3828
938
1706
3302
4456
3696
813
176
1910
1195
1791
6207
1776
9047
2188
3127
6385
9819
1114
7822
4244
1170
2334
5449
7477
5325
3155
8679
3138
5792
206
6049
490
4398
6490
326
9988
2089
3756
4041
3217
918
2771
6229
7882
148
4115
4810
9181
280
708
4617
33
5638
2272
4018
8622
4107
4512
6609
3271
6815
726
50
2753
8285
516
3945
6551
4572
3642
311
4488
945
8401
5883
2322
2950
9006
6650
8491
9113
6762
5013
1177
3216
287
7312
9724
502
1736
7213
824
4718
1207
1281
5864
9628
6763
3123
8795
8445
7509
103
130
6540
246
6915
6836
8525
6486
5331
9795
2337
2461
7516
2862
1664
243
5988
3511
290
124
1874
6974
4633
1427
8769
15
9529
5218
5541
8724
6089
241
3231
3584
856
7283
5378
7876
3133
4367
289
9217
3953
226
5057
2849
7520
4102
7282
992
8304
4838
3233
127
740
6941
6245
8277
2827
1342
9842
2091
6863
7235
1637
9327
2144
6476
1050
4832
4384
535
2348
2696
5972
3901
2977
8314
4492
9318
4777
9098
4941
2540
6698
267
6194
5230
7150
2684
4965
8417
6031
3143
3559
1668
5990
23
9671
834
2296
3526
7193
1821
8493
5127
5081
1130
5482
2471
3967
5593
4127
8730
2910
4293
9050
9136
2473
7255
1860
5366
8192
5222
4359
251
3965
4067
5290
8865
8223
7377
2175
9613
9283
9610
63
2663
1365
3402
1718
5543
9035
6745
3614
9677
6313
8584
4079
4993
4794
2228
8719
1553
6264
5649
2791
7161
1676
3501
5115
3365
8799
3909
7157
1303
7629
3252
8513
8134
7664
3013
4502
7448
9
3120
1924
2417
964
2767
7378
6084
8602
4769
1688
9970
2822
2313
3240
4721
6379
2107
6702
5904
4190
4906
6875
3466
7194
783
8191
7026
4438
2400
997
5909
2181
925
7469
5314
4021
3046
5224
9690
9078
9022
5631
8842
7905
8833
9669
8840
8846
4671
8332
6467
6694
84
4739
2003
2760
1610
1482
109
6087
4896
5271
8367
1816
5270
7151
6011
742
299
7952
5662
2163
9044
138
7582
403
5932
9455
6847
3918
3492
5023
8506
5605
9322
19
1079
1063
3199
5829
5717
8870
8648
7684
2718
8904
5891
1
3383
4614
7354
7577
9392
4872
3099
7743
5675
7886
3360
6719
7686
2864
2106
891
7889
9704
2033
4165
9855
8691
7330
9330
282
2105
5253
4735
2051
1687
8475
4607
4980
1779
2710
4458
4457
2263
165
5219
8100
760
7531
1564
7323
4587
5781
5838
5497
3346
2537
9331
1255
6990
8080
6337
723
7278
1922
9475
30
2607
7453
4387
9533
2901
1052
1089
6514
6432
1579
952
3819
633
4968
7222
6682
4600
499
8637
4849
324
4329
4419
8650
3093
9002
6350
1421
3269
3680
847
4193
8569
5515
684
4075
6397
8171
270
6809
5799
5853
8165
7568
1258
2393
2897
8156
7384
7662
8067
1850
6561
4473
843
2942
9584
8843
3057
8677
7156
9186
8456
7104
5786
9550
9382
8606
3289
7611
1434
2237
8391
3297
2811
4876
7227
7864
6218
4648
4082
2125
3842
4312
2424
7930
70
4424
8841
5559
5856
5894
627
9493
2001
4404
1707
962
8384
7111
8430
1756
4100
3069
5229
2182
888
9821
2671
75
1475
7250
1993
8721
4409
8649
8289
1844
7689
677
2661
9973
8121
2206
592
7090
6683
5586
8976
1447
6417
6260
8919
399
2000
7589
3316
5797
3185
6570
9759
5731
4223
6899
3430
3790
5847
3872
2401
1374
258
3739
4875
1575
1685
1004
6992
1031
7237
5616
5251
5415
3363
9987
8836
1474
9319
125
8472
9634
8323
8966
5884
7437
1218
2816
6912
3867
1336
5760
2739
3472
4856
3802
7046
2806
4454
5762
2503
5655
1730
5898
6410
6510
9357
5971
1590
3560
2646
8481
775
6392
5016
7551
3230
5558
5317
5547
9670
2731
1971
5682
4019
5376
1017
2686
1241
2283
8714
6201
6290
5821
6090
9995
8790
2980
682
6524
6509
6770
8266
6262
2912
8505
3569
9328
8822
6933
6737
1390
9370
6221
2653
6558
4543
5914
3633
8318
537
2350
4470
3336
5165
343
9026
3710
1326
8386
8218
7934
7941
8766
4575
8668
5364
2629
3740
7962
7779
1721
3944
7134
4382
4651
6620
7610
4848
8706
3408
7958
5389
6772
3858
3435
5870
6578
6981
2336
8271
4093
5246
9697
7376
4761
7595
4897
1649
4207
6206
178
5604
4116
6647
9264
6807
6975
2725
2178
391
9570
2027
1876
78
5716
5430
1978
5900
6042
6573
7050
6101
6792
9656
1311
5840
6384
1738
366
2917
1446
4584
2592
431
9159
5568
1317
4943
2102
6269
8805
9215
8545
7266
7748
4839
9418
1998
5613
9064
3215
7181
4983
2173
1867
666
9069
6961
2372
3008
3997
5835
369
2123
9916
3662
5801
5209
3983
1884
2342
7525
4036
8150
618
6945
5668
5208
6436
3087
1808
2566
4821
7306
2769
7383
4147
4740
515
7515
4134
2071
1131
5380
320
3486
6635
7782
2587
4455
5055
285
4877
6177
229
4157
6002
2440
8021
5943
1612
6782
2778
3590
5374
3474
2560
263
9640
2183
7077
6472
58
1618
9667
8985
3949
7885
3524
8383
3702
816
5357
4448
1047
3581
5667
118
8905
2697
733
7229
4071
2727
6886
8924
761
2129
3990
6306
6146
2737
4394
1022
773
884
8483
9615
2501
2010
4379
7203
8419
9617
532
6341
2896
1383
9707
3028
7490
3255
372
1319
3685
7587
3174
9456
5436
9718
658
152
1626
3426
6471
7441
4200
7159
7259
9544
3839
6991
6971
4430
42
9472
6227
4104
6822
3791
1412
1865
4783
6446
3745
3978
4463
835
59
8946
3679
2258
5916
5594
9290
3205
412
7552
4969
3056
2909
5560
1257
7666
4615
4521
4653
9800
3182
9660
6691
1136
9920
52
1178
2166
648
8518
5114
9393
3479
3509
5491
4994
7814
9755
9696
9652
3808
8237
4768
5890
1308
6993
5995
3100
3434
8413
3807
2879
8255
6571
1058
5709
9698
5400
6781
3483
2772
1166
1059
8855
2233
4956
3655
1032
3409
4749
6846
5050
2854
5356
7219
6088
827
9487
5409
6806
9272
937
9941
6701
1077
7483
1426
2274
3412
8114
5187
3587
4682
5454
337
1146
8107
9566
4477
2029
1413
1167
563
3660
3202
6936
400
9657
3540
2926
8514
1855
9148
3218
7807
9641
7756
5460
3673
9872
8818
1372
6898
7112
5654
5727
6445
3335
7424
7661
3832
5657
8653
4414
4973
852
8832
6598
6478
1486
4914
6162
5429
4957
930
3546
5578
1675
9436
133
7073
1763
7988
6021
5205
1327
3670
3126
7846
3367
2621
185
2815
4162
3497
1309
7933
6137
1406
3611
2491
8423
9427
7371
697
1024
7588
7673
8319
6556
2703
3401
5577
1112
4210
3355
7118
2139
3813
6959
6123
7878
2143
8654
8872
3765
8998
6946
4086
6586
2323
8482
8056
4566
7479
9590
2545
9176
6527
1305
6238
3668
3094
101
9065
2678
8984
540
1796
4789
2800
14
8213
9947
6314
9465
8819
9088
5738
6415
4480
1375
8614
9491
2407
9352
522
7100
7091
6252
4951
3150
9990
1936
9621
7488
3256
8746
7165
688
1389
6843
805
108
7048
6301
4352
2450
135
156
4991
9143
286
9135
9553
2750
6479
1005
9228
9830
2508
3664
4684
2709
9594
9807
9048
8149
8775
6805
2207
227
3206
1672
5862
254
91
8656
5581
9564
1120
889
2149
4108
9765
6046
4033
7197
9858
679
3131
8983
9151
4471
6654
9939
6545
8242
9500
1933
9694
440
7955
496
9291
6280
1245
6462
2880
3283
1964
88
3801
7016
6969
6725
129
7284
4647
3002
9130
4788
5084
6850
8177
6889
278
3814
5967
1487
7358
6986
4344
3502
1128
1318
9484
8361
1733
1939
7019
5532
2953
3149
3599
1221
7695
5548
4986
4439
3788
8484
7911
710
493
2428
7828
908
7844
5998
5093
9616
8252
9244
1686
7834
3052
4342
949
2964
5933
447
4495
1298
6150
9207
1025
4976
3147
849
1107
4051
2364
5685
5479
416
966
3977
9227
544
8623
5648
4395
5757
6377
1292
8800
7113
1901
4446
5659
1203
9266
3436
5977
8194
655
2290
86
6747
9903
2317
1076
951
1480
9197
8675
6757
961
4820
6055
2437
9257
3640
565
345
8202
6338
7393
5993
2529
9691
8708
8301
4578
4057
2922
4084
7253
6174
6602
3610
2579
1774
755
126
1165
1083
6325
6759
553
7305
5452
2381
6438
2478
85
1682
4626
569
3167
4476
8265
2396
4433
5778
1398
1286
7485
5700
191
8138
6151
5397
554
9440
5202
4136
2043
2035
4790
3961
6237
8233
3029
6395
2498
9575
5239
9604
1975
6067
2068
9757
2172
2053
8035
4429
6189
4037
9045
5292
5928
1332
482
6161
5924
4192
3960
4728
5820
8187
7149
1463
2341
8661
4120
4767
2212
352
7440
4412
4889
3246
2186
6517
5061
1653
9813
6423
5036
4902
9144
4967
5464
4020
5708
704
339
7925
5275
2122
2318
6154
4088
4791
2768
2164
7491
7164
469
3242
1164
2456
6700
2902
8281
1670
8182
7146
1476
8853
1851
344
720
8343
6776
6574
4514
5899
4861
3937
583
6954
72
5591
5589
5337
7675
8756
8372
6287
9972
854
6665
9983
9589
6329
8633
7622
4377
5608
1827
1631
5713
5677
1673
8293
2103
8269
8741
1669
9848
7793
2596
9818
7849
1517
3893
196
6631
134
9346
1600
1735
8935
2870
6300
2002
6193
8755
7239
9997
7627
5094
9998
5382
9515
4083
9810
7044
5009
4977
5450
458
6320
5639
9874
1660
6979
2226
1491
2632
8692
2734
5008
5773
7831
5232
8108
9298
6672
4333
8921
7257
9248
465
8619
4518
4970
4420
8046
1678
4827
2373
2357
9066
7877
3815
8196
5179
4972
4425
8541
4066
9512
3328
4662
1819
9907
3836
144
2613
7716
4517
9259
8723
5815
4462
3319
7544
8868
7406
6544
4961
1449
8240
9991
2679
517
2006
9906
2581
5507
8443
6618
1569
625
2435
1155
8815
8638
6390
5635
2423
6632
3303
1239
132
5872
4449
7212
991
4199
4638
9120
1478
4219
4504
8660
871
529
8685
2920
5601
8287
5215
4332
6611
9687
5980
7681
1310
4391
7408
9710
5624
1717
8392
9714
4353
284
6731
1684
9171
5834
435
7967
6156
1941
1232
6366
7655
5805
7667
6746
6204
9596
6913
6668
7464
36
1942
8496
5144
6277
5072
8894
6870
2875
9507
3424
9548
9701
334
1923
7347
26
2077
1479
2979
8684
2856
3124
8494
4571
8217
7360
3019
3494
5477
9629
9602
5446
523
3846
7764
9806
1256
8387
1766
418
3369
6152
1301
3834
3035
9243
3461
5447
3795
9805
8115
2038
8608
3384
6307
6917
8804
4887
3723
4602
4800
1468
3709
3370
2054
1395
9840
8972
4534
5321
3888
6124
2888
3049
8022
2832
9499
4371
976
642
4759
3626
5158
4096
1705
7619
1521
1818
1348
5942
305
661
9464
821
8992
645
5573
4290
9474
6615
5248
5110
9210
8012
7373
6464
2866
9554
664
8776
4178
9299
3718
464
2669
9237
83
1604
9060
6741
5083
4637
6148
3969
356
5213
7353
3879
3829
5371
5138
3235
2398
5182
902
4840
8607
7668
5610
7549
3407
146
8936
9996
5572
9037
265
2612
4588
6294
7252
8405
8094
9828
6565
1868
774
1071
1098
5261
7435
8433
1903
6549
7506
2291
1587
5730
1549
2448
4549
8823
5549
8564
3701
3514
9675
790
1247
4038
6255
225
4565
8054
6928
47
7660
1938
8038
6562
9962
4606
1848
9301
2637
7970
1328
9390
8118
2117
2066
5309
8563
9441
6907
2531
7851
6518
9877
7950
2487
1943
5358
5528
5302
6953
8463
4403
2555
3112
4997
804
9271
6458
2397
3605
5344
249
2805
8123
1620
4852
1558
8878
453
4167
3493
5249
2604
1367
6660
7513
3171
8533
4670
7172
8122
2480
533
9751
9373
8771
6309
2600
7717
6629
6257
230
770
3840
6378
6845
3717
4338
1965
9458
1871
1650
7699
5489
9911
497
7815
3047
3051
7135
1847
3853
2497
8813
1184
6469
9982
5981
6157
9766
494
7375
7859
8591
423
6575
7890
9367
9753
1092
9451
5149
7399
3136
8200
155
6994
983
6127
3773
8410
5521
2495
8835
1307
193
8579
3062
1790
7045
5728
2223
6823
1473
8828
9783
1313
9294
5746
5431
2201
6208
5162
8221
8141
1932
5098
6901
5167
477
3619
823
5902
8624
8678
1823
9131
5470
8671
9977
2513
7273
993
7153
6008
8929
9738
9238
8989
1712
2966
6642
9108
6996
1423
9611
4762
1110
6029
1652
4227
9873
8421
3016
4251
8536
5123
5247
2259
9300
1582
4954
9336
7727
8994
7963
9142
5274
5293
1642
8268
9904
7652
2306
17
8895
6856
7341
9556
6530
8210
8017
9699
8302
8189
1769
1511
2872
9605
7641
2307
586
6732
9094
8453
7873
1414
1809
8084
8013
8154
238
3314
2147
1927
8663
519
28
7319
2452
9046
9895
421
1722
6057
9188
4324
4141
9443
9209
9775
6861
1023
9801
7155
6272
2798
5030
4705
8393
9820
7368
2676
2140
4266
5531
2541
9767
1280
43
231
3852
4573
9080
4171
22
1419
9762
855
8180
4831
7861
5410
9364
5843
5150
6024
5022
2477
3747
9870
5252
7068
9836
4771
136
1804
8897
8893
5952
2418
1696
9128
9277
4317
4423
3455
4246
387
2335
4485
3595
5729
5052
8338
3460
6744
4273
8166
683
2702
6902
9204
5108
8110
3264
2967
3800
7529
3356
1378
4784
8700
3044
3907
8106
4555
2169
1953
4030
5827
8954
3508
2761
294
2928
3844
3586
6802
1430
8468
3837
3764
1192
7110
1500
1515
205
8311
669
4665
8119
4923
5953
4185
2619
2044
8720
5439
6711
9093
8747
9892
4828
6890
4373
2214
6317
5554
1949
1548
2017
9381
4552
2762
2939
2819
7732
4022
590
2127
9598
3548
890
1583
1746
5183
9879
8527
1226
6690
6142
2385
2367
6036
3033
3535
7412
2470
2360
4249
2745
1749
7636
7210
9163
1755
6093
7200
7204
2142
8060
1775
8659
4590
3616
7591
8205
5711
2489
8888
7234
2814
3427
2706
5755
8711
444
6050
1454
3366
2853
4599
1373
4847
4884
9866
2130
7737
8784
8968
8207
7303
5705
9287
8810
9878
3157
7612
3582
2913
8181
3354
9535
5994
4747
894
9975
7088
8215
4013
9582
5020
5763
8078
4862
1038
958
4904
954
6877
3078
8997
9303
762
9812
3260
8658
2692
5782
368
9190
9999
3572
876
8
6224
4835
4010
5598
1607
1501
3544
4023
9447
2740
2327
6588
8003
8378
2916
1392
1444
154
694
1972
2848
3392
7290
4891
3970
7182
7755
7381
1035
7707
2474
4537
6242
2276
6775
3661
434
2591
2278
4992
1555
638
1902
9267
1817
9722
4603
3364
4474
2677
9482
699
6160
1697
9404
4895
7432
1995
5882
8733
8856
7547
3396
7669
4531
4592
5660
5625
5740
8469
527
8004
9744
9638
2824
3760
9254
8786
4764
5826
9752
1156
7246
7583
528
4314
3249
2547
3822
1075
8971
4594
7386
204
3940
5526
5963
8232
1621
7856
1091
3971
2331
65
5683
2689
9713
1581
2468
5878
3752
9083
8479
3132
7136
2411
5653
6175
9146
4681
700
3122
778
5319
7917
4080
7677
2843
6491
5369
8851
2577
7336
7129
4445
7120
9252
795
192
9782
5540
807
1037
5691
863
6768
8880
2136
6449
4450
2355
6439
4122
3186
3854
8690
9620
7289
4029
8903
9240
5134
3040
9432
4169
4090
3478
8789
6739
5630
1417
9029
6230
4235
756
7105
4465
300
1782
179
5741
3917
7292
3799
2521
9653
6414
4097
9688
2970
1067
5056
749
8664
8313
5220
6542
3471
1377
8016
1505
5173
8015
4673
9036
9958
4261
2014
9531
9708
9454
6259
9890
1810
9333
9133
6604
8900
1760
9385
5555
6296
6716
7083
4166
5487
6103
9014
4045
5386
4380
927
8572
8990
3139
2248
5538
1273
5421
1147
2371
1411
375
9234
5343
8374
6817
2919
3321
1289
4305
7776
3806
6852
1306
8694
6102
9658
89
7753
5868
596
5841
9932
3728
6593
6292
7493
9508
7960
9420
5048
6755
6380
7288
1453
9310
7775
5579
2135
1003
7618
2528
4500
8404
8512
1123
7143
5674
4890
5974
1752
9020
6813
2196
4720
6456
7615
8958
5185
3331
1568
6431
5809
7904
2809
7
6662
7141
3691
9095
5628
342
7726
6005
3883
236
926
3400
1119
5954
8206
4050
9817
995
5418
3692
4580
1872
309
7656
314
6529
3727
9953
296
6139
6909
5285
956
8490
1561
8467
3989
2146
4300
1283
292
1812
2956
8449
4715
5424
6032
8058
2583
4460
4609
9354
2324
1988
3350
6516
4426
9223
140
4098
4781
8598
9409
7888
1911
4696
273
7365
4782
8185
5416
6765
2601
4073
6756
1259
4155
5897
2883
7916
901
6970
6173
3469
4031
7023
2648
1798
9517
2502
6533
6043
8816
3518
6789
8241
7968
5200
3567
9797
7494
5066
5620
1514
4024
5047
3652
325
6579
7949
247
7258
520
4188
3125
5833
9349
8160
6391
1699
1224
2781
4356
731
1991
887
8791
6342
3621
1711
8376
7929
4052
982
9925
8090
2759
3958
7179
5517
8844
4554
8820
5336
1765
4062
1539
5910
6499
9369
6855
5288
5405
1630
5958
6398
3975
6484
8544
2851
346
6170
8355
5768
7511
5333
3210
6734
5435
4184
277
1441
3986
575
1888
9859
5542
3588
7438
9448
1088
1947
3034
9376
3092
9132
7825
4368
4007
2687
1913
8933
8689
3011
8889
3973
13
4931
7866
4795
1496
7051
2457
5656
6916
4336
2647
1466
1547
9545
703
6830
3375
1636
4654
8539
2695
4175
558
1081
9631
636
7541
1890
480
5609
4296
9275
680
2907
7374
1834
5132
8331
5204
7977
8197
433
4396
6295
4591
6333
9542
7103
3212
5892
8089
2908
9960
9601
7122
27
4307
4025
8631
5391
6722
7906
1240
1424
4089
6097
392
4095
4482
6052
5934
5299
8045
1904
4311
2280
122
6977
1274
7787
1030
5330
9340
6534
6824
2055
4211
1007
2268
7914
2517
7333
5018
8586
2996
831
1285
3566
6511
1132
6709
1279
7599
4879
212
8093
2777
4533
1300
3405
9889
7839
3669
5836
6305
3950
218
9320
6872
7788
4168
9073
5913
4077
7848
2415
9429
2631
1724
8358
1484
365
8993
9286
4817
7385
581
495
7546
4744
188
3489
1481
9149
8567
2918
3488
764
870
6608
6502
7719
4948
1287
5920
6297
3870
9557
1094
3499
8492
3332
5688
7099
3410
4046
7231
1182
7910
253
643
457
8740
7954
7343
2539
9302
4372
7855
5176
705
331
3966
7452
1062
3555
2886
5524
6149
2447
5692
3135
2168
2660
8886
8553
6435
1090
3556
1785
9150
7867
6820
1270
7600
6477
9567
7987
5367
560
1492
7744
2294
7997
1288
6780
6655
4274
3077
1387
6591
6420
6335
3568
6687
6743
5194
5287
1984
8772
2492
4546
8892
1950
5125
4195
194
1039
8875
5701
7976
7472
9019
8452
1000
3980
7899
7144
6923
5941
1006
9944
6330
2133
9055
7625
7514
3644
1347
8615
2266
6626
7382
4725
6592
7571
1472
2747
2946
3144
3783
2877
8999
7127
8009
3084
2929
1223
5879
7025
2469
9309
9315
5733
6403
145
3549
3889
4563
2141
60
5002
6138
2705
2008
3946
868
7478
2835
9835
665
6171
5758
9289
5854
7644
7416
6646
172
2074
7267
6692
8321
9449
3866
6374
5661
8881
3982
2668
6291
6213
5334
1745
6244
3576
668
8429
2735
8581
7006
2310
381
8357
5010
271
1580
3380
4737
6015
4441
9929
1251
572
8927
650
9933
8382
4870
2586
7480
1981
3286
7901
5881
3505
1879
7355
3552
3941
6288
6382
7639
7065
7735
4466
2281
5887
2833
878
6983
5197
6671
301
5085
620
8601
6628
7728
5877
9173
1194
4413
1799
181
6594
942
7081
7121
2803
7771
950
8952
3468
786
4723
1691
7632
7217
1097
7042
6231
5527
1057
3083
2968
373
3974
4766
8773
4745
7244
1490
3869
5885
6564
4183
1948
4283
8582
8628
4254
5509
1506
8190
7070
7465
8995
9630
8857
7510
5646
9867
6937
1839
3520
3913
9070
3991
9412
1397
2221
7694
6286
9288
5621
832
4268
9832
4172
5585
3151
7503
5417
4137
6013
1082
7870
6580
7843
104
3565
8069
5433
8103
7989
3629
6228
3265
6145
2009
2544
6893
6677
833
2568
4652
35
5533
7245
5552
6884
6352
4453
9338
7240
6831
9192
5490
2606
7109
1980
92
4824
5043
1597
3890
4846
3772
5027
5262
9798
5289
9569
8360
158
3943
909
463
2672
9247
2584
9882
1295
3811
3340
5398
2736
5263
7137
2284
7038
5017
501
8712
1456
8538
3558
1858
3447
1919
1603
4069
947
8424
3
7847
5109
3649
5164
6804
5565
594
8461
2088
4074
9034
6106
9852
6777
348
9711
1267
5015
3228
2390
5198
6153
223
3397
2115
8212
3017
3898
6500
4208
61
2714
2602
4697
6627
600
8806
8051
611
7433
6254
2171
5467
2891
2873
941
736
1238
9957
7467
6293
1551
1968
4583
5045
1237
7816
1157
4713
7922
2067
6811
5007
5944
7462
217
6437
4472
2382
1404
32
3026
7286
7140
1263
7315
5455
8247
3954
3774
3109
1602
9606
4932
7790
8264
4374
1324
7247
6964
1064
8487
390
1044
6263
4962
1455
5905
980
3352
4027
2314
3378
4281
8551
3993
4542
4608
4815
4691
6360
8025
7457
5505
3928
3422
6393
4143
6302
4855
174
8488
3273
8587
9881
2384
3539
2641
1065
4858
3487
1921
1789
3395
5006
3012
2481
6196
6308
817
9194
2698
6113
5465
6430
3733
7630
4339
2056
9523
9662
820
3295
9339
3385
2693
8610
8411
696
2855
3208
9863
8457
5525
2914
9741
2574
4094
6474
2712
2022
2179
5973
4129
5940
8515
6519
542
8068
5537
8377
7020
2749
5860
2616
3947
4869
7430
4548
9032
362
9853
4355
2176
3571
4042
213
9552
1974
917
9825
4952
4405
9581
9225
3830
3513
1452
7957
6504
7557
934
7725
3981
9306
6539
3545
1822
9395
244
3861
2121
4186
4513
7060
8620
1908
649
2522
2180
9803
4631
167
4529
3707
1594
2209
2960
9692
2309
1616
9768
5312
1573
4893
9521
846
5476
4711
3563
3956
9481
5171
8640
175
3387
5363
4712
5999
1574
7325
5488
9551
632
6506
6166
701
2532
5849
99
2421
4370
8854
4758
2065
771
317
5250
2738
6429
7576
2812
8932
1759
313
5804
2836
4907
1051
2344
776
1190
1777
4942
4009
4056
6925
5258
1743
6865
7202
8381
7058
1214
7188
2955
5243
7162
9205
2841
4484
7738
7011
4400
4532
7396
1977
9175
895
549
7429
8422
8662
3782
3942
841
3784
9834
9541
5750
5019
1457
6069
9414
2654
9940
4966
2076
4710
2070
5383
6505
5272
3195
1297
1176
8739
1060
3805
3597
377
3635
4407
2148
7215
1174
6122
1169
3361
2559
5615
7692
1967
911
681
6760
1634
2561
4271
112
4
3128
7487
4173
261
2634
883
4092
207
1586
7706
5769
7061
5571
6779
7714
5723
5837
114
9992
39
3902
358
2773
546
9249
3413
1877
2131
2297
9682
8561
3248
6285
1041
472
3160
5128
4807
9716
2197
4032
9366
2786
340
7054
8245
772
3310
4971
779
2422
4901
4447
7805
8510
2031
2572
4106
3871
1989
7238
2825
2944
4330
8362
8385
9049
6572
1693
647
4357
1360
4803
4955
2899
4853
4187
8462
5441
4138
2588
4310
3984
9476
2988
8248
9843
7634
1571
2992
9168
1529
9574
9927
2092
8945
6895
6546
4786
1100
2746
1362
8310
7297
996
6891
5664
7364
1584
4780
3689
1409
9147
8203
935
9909
1019
3398
4752
2189
357
7388
8987
9434
7836
5192
4258
4885
2308
5962
1896
7869
54
1742
5260
8838
2023
8922
1638
7018
8681
7028
1601
6473
5281
539
5765
5000
921
7940
7524
6839
4142
6158
5592
8168
4153
2548
3445
6348
371
2789
8665
9593
9053
8961
3043
2252
3743
1729
3906
2403
4215
896
8611
7185
6209
110
4130
4632
8176
2155
5564
417
3938
6186
757
8639
6699
9865
6641
9886
5091
9114
5584
1325
3175
3158
3553
7519
6283
2927
5284
9116
5440
4017
6921
3448
425
8960
9355
9158
12
2965
6481
9137
3716
4903
3428
6766
1173
8117
6316
4198
1861
4560
3262
1857
4801
5742
69
5687
8346
3923
913
8298
9901
1836
1654
3729
6068
6583
8930
2086
5237
1172
2776
449
3921
2184
3880
4920
7838
6359
9505
3440
1994
5143
401
2625
8072
7254
8064
3643
6980
6020
1196
8244
4564
9255
308
6188
8309
4833
6496
6557
4376
9174
6480
142
3308
8529
2638
8519
8913
3432
7840
2507
2234
2376
3959
3835
3615
6956
6159
8560
2329
6134
7526
201
5777
4390
7033
1153
6601
3154
361
6448
5665
8005
9177
4001
2903
3071
626
3924
9899
7671
5774
6693
9509
6065
7078
1531
2978
8406
159
8575
8768
5563
5583
8140
6989
7242
6064
4101
7295
7039
5617
7418
8781
5539
8852
7302
9105
8702
7180
2535
8416
8914
1869
7532
9684
2378
233
7243
5996
5280
7012
2765
4658
3781
4497
8762
9841
6387
11
7400
4734
9627
4006
128
5327
9348
2506
1382
8344
6513
2120
2240
651
1354
4267
6670
6190
3732
9222
5188
5931
1666
7314
4331
1624
2192
2235
3719
6657
7317
7746
5745
306
6322
6796
9919
8050
1773
6000
3812
7897
799
828
3117
4868
4288
4111
4727
9539
7884
7687
1541
743
1906
5874
1154
8448
6271
4990
8794
2025
860
7966
3744
6110
6066
6195
8725
3121
931
3551
9494
5100
8091
3130
7093
2018
686
7944
3349
376
5412
9950
7351
7749
5494
738
3899
2099
5225
7939
1647
2040
8353
3458
1337
7935
9934
4294
2878
2244
6347
3583
6995
837
7232
7496
410
380
4746
8030
6409
1562
9279
9258
7647
4945
4392
6501
8576
7842
4926
2455
2645
8137
420
3064
7534
2890
8101
615
2222
4851
2058
5722
6298
4417
9549
1731
3992
4436
3194
1716
5468
3258
1282
9503
4259
4319
9695
8991
6880
7427
7263
5372
7718
5178
8082
5480
715
4559
4406
599
8428
7262
7676
6814
3277
5395
2358
545
1928
7454
7481
4881
7880
7711
1957
3173
6864
3343
9213
5975
9646
5876
7953
2512
7772
2941
5111
8340
2159
8535
3731
8558
9665
3382
608
1272
4103
919
8964
170
9321
597
2630
8642
7268
9884
865
3763
7971
607
3857
9974
3211
9504
4753
4695
2785
3650
5522
1262
6310
436
3163
4639
6569
9189
428
1277
149
5105
3294
6091
1655
1029
4787
9743
6866
1692
8163
208
4316
7474
6404
2409
6658
3881
9700
9747
6489
4035
4118
1217
8953
4054
8827
7928
5199
9005
8916
2605
9851
7602
9343
9965
4796
6416
2046
4775
1963
7500
4265
521
87
6004
2617
9270
1611
3357
3841
268
1134
7456
8400
382
5328
2683
2719
2658
4109
2316
7056
2330
7124
6984
8328
1269
7089
1720
485
2137
6868
6234
5726
2793
7322
7000
2347
2016
2900
5279
8920
6636
4393
393
7062
6947
3681
1497
1055
7076
9091
3798
7362
5570
9256
2774
1976
2320
7115
4985
7740
9967
6717
695
3145
9857
7623
1853
3311
2573
3600
2405
7780
259
2830
5240
9845
5848
7708
5419
8845
3153
7218
3444
6887
1126
3045
8716
9375
3004
4003
7908
1926
2509
7575
5751
4680
8767
49
8288
6232
7812
6239
2494
5211
9109
3521
1893
2425
6143
3076
4729
2857
2717
3307
4144
7139
8130
8256
504
3037
1401
2339
2037
9164
1198
6685
297
6470
1096
5413
5694
5065
2807
6076
3700
5645
3477
4649
8812
6918
2667
7391
276
3932
6217
2097
9709
5863
4365
2999
9837
8761
4170
9732
7108
5710
9269
6053
3359
7645
9473
5396
6461
9597
667
3318
6256
818
7783
1242
4343
2438
1698
438
6323
4939
245
5819
1783
7344
354
3579
5965
7896
3510
3766
5445
4641
3627
4544
318
2177
7724
9495
7367
7277
5634
7342
9477
2419
9017
4236
5339
3577
5259
6703
6566
6071
9384
7993
7932
8570
574
6098
1689
2431
9715
8198
1330
5976
5810
5626
9980
7927
4335
5759
4039
2132
1997
4468
4736
6567
8532
1681
6587
4733
1108
7492
2362
4222
4871
1507
7130
4444
5320
1892
507
7860
7649
4655
7567
6118
9470
5779
3023
8238
9003
6712
7316
7672
7132
166
8436
3377
7798
9023
8342
9839
3181
4748
657
7810
6972
5058
2987
8292
7248
4804
2538
1175
8530
5603
8260
9871
8824
721
9894
3169
5703
8902
2185
6082
587
186
6790
3197
9332
163
8876
4260
7208
6010
6919
8573
2104
2098
850
9981
5938
7553
1734
3663
5886
5789
8043
5647
6648
2416
3009
5566
1535
4231
8618
5766
3193
4770
8352
784
1955
266
1757
3859
3481
161
5341
8390
9183
3001
9736
2392
5322
4040
2395
2643
7915
801
66
4091
7508
9233
4989
7991
1069
7841
9178
990
5273
7936
6451
2802
2301
1727
8873
1439
4452
8186
1835
7789
5276
4689
5305
1920
6396
7069
8625
9678
8912
2442
3250
7646
6211
7951
3239
6520
7350
6988
5335
9245
4657
9195
9096
2304
4302
8316
5245
4110
3554
4004
7986
5157
6837
2728
3105
8497
524
3657
4808
7754
7175
8583
1883
3168
4063
2227
73
768
5618
8028
4272
4686
923
9232
6163
4659
8208
1420
4350
1370
5402
5428
5812
1384
8555
8728
2940
7616
2062
2190
9538
6997
9388
2821
4582
3470
8988
6512
6247
1784
385
3270
4132
7450
8396
3214
7786
68
5032
8370
4298
3816
3038
9588
2100
31
7912
6459
9635
580
9565
3178
2893
5106
4152
9121
7729
4757
1512
6370
922
222
9085
6904
353
5945
5930
5003
8455
7592
3207
3417
4340
2556
6223
8703
9468
9075
1125
6900
7830
9785
9726
9923
2865
1526
10000
6212
5850
7034
8722
6108
1440
5818
9522
9985
6652
7426
2860
3503
2370
8495
2510
9124
8283
646
797
6001
2057
2388
3683
5960
117
7001
1105
5426
7712
5508
8395
8627
5342
7674
978
4574
3247
9011
9056
215
248
9071
8928
862
1343
3706
874
5553
8732
8861
8752
9152
5181
2354
5122
9731
3420
9524
3313
3677
1762
9129
3129
6808
5907
8188
160
1870
