3066
1870
9779
160
2200
8188
4562
5907
7145
6808
4156
3129
6816
9129
3694
1762
6443
3677
4557
3313
4422
9524
8431
3420
7965
9731
2957
5122
1905
2354
2523
5181
8785
9152
57
8752
676
8861
9910
8732
9383
5553
2991
874
3304
3706
5414
1343
228
862
1870
160
3129
1762
3677
3313
3420
2354
874
3706
1343
862
248
215
3247
4574
978
1105
117
3683
2388
2057
797
646
2510
2370
3503
2860
1440
1526
2865
1125
2556
4340
3417
3207
353
222
922
1512
4757
4152
2893
3178
580
31
2100
3038
3816
4298
8188
5907
6808
9129
9524
9731
5122
5181
9152
8752
8861
8732
5553
8928
9071
9056
9011
7674
5342
8627
8395
5508
7712
5426
7001
5960
6001
8283
9124
8495
7426
6652
9985
9522
5818
6108
8722
7034
5850
6212
10000
9923
9726
9785
7830
6900
9075
9468
8703
6223
