6905
7242
6158
5902
7719
2606
8010
904
950
9416
3683
7887
7120
6334
4028
1642
3825
1521
7336
3601
5735
2537
8248
7239
7604
5494
9523
8543
7515
8507
6500
2425
6714
4381
9035
9197
3775
886
6919
3858
9980
3310
9282
914
6124
6952
2365
8620
7896
4640
6198
8124
8075
319
3213
4924
7073
5713
4010
8368
4302
364
8260
4560
6218
3440
4712
7686
6306
7329
8427
1419
4825
1283
2798
3547
5528
493
2457
9056
1172
9074
1413
1041
3628
5057
7206
9370
1365
5313
4038
9190
3730
3696
9434
924
6846
7537
5236
8016
1520
4131
3560
3770
3115
1198
4150
7632
6510
110
6064
8659
2093
5281
6377
1556
8895
124
4688
5839
7829
5055
635
376
2510
1694
3383
1408
2117
3285
3870
147
9753
6354
1327
8545
9511
9916
6048
3070
7871
6216
1632
3969
9648
2928
3866
726
7147
9020
5069
2059
694
7841
3799
856
2575
9566
5117
375
2542
9513
101
1170
7173
3922
7991
5717
8174
4178
3344
643
751
7934
2900
3429
9669
8207
7928
2715
6974
7082
4675
6175
3277
2150
857
2152
7688
781
7799
7400
2758
6299
1911
9219
4845
3176
2148
6091
2070
6582
8814
10000
2095
4592
7020
4612
5431
5169
9888
2938
6922
5205
5550
4839
7142
7098
8141
3757
3531
9496
1589
9526
9656
2090
8330
6752
2811
9742
6671
1803
4357
3653
4090
3981
5571
7412
3108
8986
9900
9785
3848
7291
2062
2588
7280
2964
917
7124
6602
2414
330
4206
4732
2011
6446
4433
7429
1769
9702
6830
6836
6272
4137
8150
5637
3312
7748
5673
5908
8896
3437
6573
3417
3338
2024
1867
5954
4547
1
2629
6597
4386
8342
3190
7845
5601
9731
1959
6363
9350
9727
8310
3934
4498
5844
2388
1979
5794
937
4710
1842
984
5918
8177
6890
4454
4013
8111
9977
1294
1307
8794
1211
3927
44
2105
4455
7630
7781
5956
5681
7369
9748
9874
1616
598
4399
5885
3535
7656
9221
700
8106
378
2233
247
3364
3846
8195
2379
3568
5810
6426
5803
8159
8605
215
818
4959
6651
8783
2191
1301
5108
6250
2057
459
6694
9851
9343
7346
2458
3869
4837
1884
9493
7568
7541
8064
7971
2258
5714
6815
502
8274
1923
7453
5254
5322
1102
1537
2406
9031
9189
3257
9550
790
5736
1786
1143
7611
9963
9290
3386
8296
5290
9576
1571
561
8241
5351
2077
8271
2469
9037
58
7629
4896
3408
2419
6353
1753
5576
5289
2390
1272
8348
4023
2084
4214
2669
9701
4527
9041
4871
3137
1351
5568
638
8367
4937
7282
3972
1255
9206
9797
6397
4223
1747
2743
6138
2236
7976
8254
5359
5328
5352
6834
6168
3589
5509
9268
2984
5854
7623
310
1289
5995
4739
1805
7877
4798
5687
9403
8522
5064
3877
2188
4856
69
2360
801
3037
9229
6021
4654
5886
4182
4661
2523
797
2008
1778
1501
6817
5379
2739
6949
2876
3847
3861
7932
3461
1410
4997
4029
6453
3998
1219
8884
8146
7655
9125
2600
1836
6758
8448
7276
1235
1738
9788
8323
2141
2131
9418
5474
3827
6689
1392
4047
8168
7321
5020
1591
5718
2374
5175
9559
7505
8246
6358
8519
7007
832
6796
1405
654
7155
9012
6950
2879
5217
7747
5745
7684
4899
5858
8881
6812
6680
8989
7446
5860
627
2371
4335
7129
6008
9886
1055
7310
6457
9275
4048
7898
5006
3812
8128
5816
1429
5145
7145
2777
7286
2184
7292
7572
746
3048
1633
5558
5695
5127
4627
7372
966
4318
2922
9286
9545
9583
4806
2704
1697
6823
1774
5377
7450
6229
1044
7285
3723
3380
9443
6936
9952
9544
2249
4711
458
8171
9430
3391
9406
3748
5531
370
9264
1403
7605
729
6241
5640
4281
7742
9172
8319
400
6024
2726
5756
2841
9285
8328
4466
5093
1727
2653
4862
1485
5047
7996
9388
2427
5413
1650
6957
7083
497
2790
239
7553
1337
9955
3019
517
2593
8095
8606
6406
5923
2370
3107
3766
2312
1660
5750
9417
7722
4444
7851
2192
9571
7514
2557
7920
3610
4243
2972
7371
4884
646
6778
2584
1023
4316
8826
5875
3029
5113
1326
6614
8750
3549
8408
231
681
524
9940
8353
5471
2724
1823
5821
3521
5730
392
8580
3773
5523
5229
8093
7731
4930
4966
3416
335
2763
4643
2567
8321
7596
1651
5827
6820
1523
3133
594
3350
445
5754
39
29
5040
8014
4314
6082
8252
9318
3591
2036
9594
501
3345
2322
2789
5383
1145
8277
4897
3698
5012
2463
3516
2017
4101
5581
9486
6365
4915
8822
6807
2910
3553
2246
7304
3078
8205
1872
9895
3566
6791
2551
1514
5337
9017
6719
3906
5855
2814
1955
1218
6103
5287
4477
730
4535
3178
4426
5946
7879
2771
3930
7756
1851
3260
7279
8283
5593
9835
1921
5339
4177
1056
3379
4706
7749
2871
8918
7702
2611
8725
8222
7459
6041
2696
805
4496
6196
6003
2955
5316
1602
5706
5699
6864
1853
2108
5762
9504
8553
5469
9704
9214
609
6541
5579
9106
7151
6968
5104
7674
4121
3085
7253
5285
7824
1722
6420
428
3005
2797
2193
2411
5720
7024
9266
4054
2737
1946
2494
6526
5786
5849
1387
6160
3655
6633
4573
6866
6772
8621
1655
1325
5370
7048
4205
9414
9950
3101
9852
6182
6456
1781
7380
6081
4500
6280
2452
2604
9824
7398
4536
7183
2051
7786
6577
1244
1480
941
7783
4073
2470
7762
6224
6073
9481
6031
8121
5862
4424
7593
5892
3759
670
8008
7243
7017
6485
4521
1310
5252
2999
3460
8467
6452
7349
9641
4983
6849
3091
9682
8994
1319
7468
8063
4001
2162
2289
6885
720
3071
117
5255
1608
8469
5514
6700
5724
8454
9288
6534
9506
5139
2314
2770
3884
5327
6478
3631
2979
8217
7561
555
1936
2522
8185
3974
1598
8013
6268
8357
7798
3693
1734
6222
3444
9966
2195
1606
6399
386
4373
2309
4990
8189
8861
8038
5850
727
958
7953
4375
3040
1453
8637
9245
3279
1930
4154
4606
6499
7331
5011
221
4058
4773
5532
7036
6520
6161
2415
2065
5149
9572
4910
4824
292
7019
4756
5335
1866
816
5881
7752
5543
6552
9010
5174
3541
9361
1452
5913
809
828
7323
5947
592
8087
104
7819
2564
1472
8627
1626
398
3685
9624
1115
1693
9828
1355
8931
8363
7061
2990
8729
4406
6609
2100
2848
4720
7182
8935
4002
9726
7862
4347
6042
121
1190
82
9130
6321
8668
1624
4222
2306
7927
252
8809
8546
3795
196
6634
9329
5705
752
8400
3687
8984
4555
6881
4289
1297
722
5371
4457
449
9862
619
7225
2521
9400
4650
1861
5928
4992
4532
1903
9929
516
7303
6421
1813
7663
6858
3
6148
9540
1168
4262
5667
1180
7834
6863
3633
6249
6417
2942
1446
2085
1512
2997
9137
1496
8307
7425
8364
1615
9061
7223
8144
1712
3838
9144
302
1445
1661
8752
9299
9943
8273
8229
411
5030
79
1666
1131
4369
7430
7999
1135
3222
1812
1465
8040
8872
1458
5941
7995
1209
1266
6960
2594
6470
4408
703
1785
2907
2888
5465
8819
8107
8292
1421
2484
4816
2640
5519
3673
8820
6497
8031
5101
1926
5507
5763
7676
4957
5273
8025
9045
6193
6419
1193
412
1471
4162
3588
8244
1996
3001
9079
3375
60
7157
4705
522
8048
9123
6691
6460
1627
5938
3666
5779
7258
42
5326
2619
2167
8940
812
9986
2637
6416
2177
5828
1968
8728
1952
6783
8158
4080
617
6314
5341
548
3068
3479
9298
6917
4242
9345
8343
3538
8021
3081
804
6245
5051
6311
8329
1202
6729
7681
9989
5415
8423
4724
9075
7978
5009
3840
4194
3074
930
2633
3802
8360
6236
9032
1299
562
5641
5324
5213
8853
9051
3781
6594
9858
1483
4818
3174
9314
6340
4832
6767
9341
2399
9949
1814
7520
9260
7295
6971
2819
8525
5477
9226
9449
3059
7106
9047
7946
7776
7488
7481
9993
7127
9698
4158
6674
7197
8059
4383
5830
9323
546
1013
5566
8
6493
3359
8138
9335
1499
4071
3123
56
728
7209
2706
942
7421
5851
1233
1713
6587
1223
1671
5065
7544
7042
7270
7820
2652
9460
9979
8855
2556
5739
5190
5242
4190
6010
8716
3334
9386
4596
854
4568
2959
9625
66
8831
8057
4891
4439
853
8386
2595
9683
5639
5976
1652
81
9972
5723
9215
4745
6462
8755
54
9459
8778
3341
8676
1886
3699
896
1258
6580
3747
9913
7830
8572
2903
484
4743
7466
4060
5115
6217
2668
5613
1538
7621
8667
4294
2282
7058
6525
5098
5917
6349
7967
4082
3462
41
8810
4530
8242
5797
7417
8366
16
2893
6066
5409
9140
8009
4164
7846
446
3996
9846
9232
7945
2265
1885
487
3382
9803
7476
1593
1271
9398
4593
5861
8493
6331
6524
9196
2970
3797
3517
8007
7944
5878
9103
6656
2338
5493
6442
7201
1087
981
4327
6521
7720
733
3794
9994
9959
9992
7889
2134
5185
6853
7176
9899
6009
3778
8445
4941
6422
3303
3457
2443
8199
3292
7555
8745
2432
327
4136
8696
7595
1002
5308
4994
9401
2526
3980
2845
9880
636
4213
7712
4066
2552
1938
5410
236
8622
7525
1663
3202
6646
5627
9111
2969
5368
1324
332
3106
3002
7217
6345
2508
8136
8760
2966
2708
7267
6162
3270
8003
4697
9499
9741
4637
948
1829
1619
1908
4291
6505
5599
9756
8554
551
557
4245
6131
7917
7011
6530
778
7152
2672
9599
7003
1124
9210
5248
9708
7194
8956
8130
2295
4898
433
9510
9389
7628
4191
8266
3500
6226
1695
8169
5251
2746
2872
8733
645
5235
9610
2813
6173
6734
7016
1312
1155
3155
65
3154
1005
1845
5846
7028
1899
5628
8909
4600
9109
8033
7893
2980
3743
8944
1508
8897
4811
1142
4395
6558
3991
9213
467
7964
7493
366
4228
1603
7517
3733
3328
427
2679
9560
2506
9261
4557
9337
1001
2573
8005
822
5366
7338
6654
4721
8387
1166
5939
6346
2635
8042
6543
2408
2566
7497
6721
8036
6887
566
9924
6211
1906
648
509
1739
3649
245
6267
2822
6296
7982
7072
2072
9340
4645
8503
9254
8686
5752
2952
8934
349
8268
5737
7406
275
764
223
3207
9472
5707
6518
3180
7057
4414
6361
1981
7955
3908
623
2756
3273
6445
8607
5625
641
4533
3186
2260
94
6435
3929
1441
6676
7639
674
6430
1646
4864
1776
80
5758
4076
1947
6837
713
483
1360
7442
9984
34
5136
3442
7985
9116
131
1397
1247
8162
5731
4529
6044
7606
9179
8239
839
8011
1659
26
2792
883
8163
3764
1015
9743
3832
5301
3895
6798
4403
3863
4030
6402
299
6405
3036
7125
5387
3242
8399
8854
4951
3961
2101
6604
2906
2547
7746
8006
270
7973
2335
4807
8280
2326
307
1807
7874
2189
8339
916
5959
5521
535
1724
115
8995
186
4018
1085
8152
692
1440
5804
5340
2846
6828
2847
5192
6165
8325
455
8047
4244
5188
8841
1080
2218
1999
7501
6993
7060
7237
3156
183
289
9132
8903
698
8395
8978
6512
7715
142
3735
8183
5929
1146
8361
9925
3593
7875
4144
2776
2695
6873
4936
2609
4330
1844
1672
3075
8492
2943
9699
6668
2170
6973
1848
8952
7536
9793
565
6255
8946
1904
6606
5822
9636
6537
2908
6034
7363
540
2066
4921
7179
2701
783
5996
639
6347
2920
3647
1534
6391
6623
3153
9606
1824
1762
4671
5167
2655
9939
165
625
7539
5838
99
878
303
1915
3771
1871
2396
4353
6132
829
9807
5689
8602
2364
8813
844
9126
2935
9547
8583
7050
180
264
4844
5978
971
4522
5768
685
2531
6546
1622
5520
2642
4277
8645
4616
7013
2323
7933
4902
3471
8693
7660
9651
1529
3330
5403
967
4202
2527
5468
545
6542
901
287
5880
7034
2530
5832
7699
2749
1566
2079
9715
3911
898
657
9632
195
2308
8628
6263
4734
83
1617
6316
6935
2923
208
2555
1236
9411
4401
9634
2654
9865
8551
538
8333
2951
8648
1620
6808
9178
7646
4505
8731
5508
8534
8675
9309
8315
2582
9626
2404
8278
2950
3608
1902
2128
8304
5980
9263
7701
4463
9274
429
3384
1463
1535
6969
4770
3741
2961
7009
1386
1599
2413
2221
4413
9833
5079
1822
2442
8165
2927
2665
9697
6804
3614
4948
6043
232
9556
6115
5453
4478
4707
1125
6640
5197
1038
9678
8732
3976
3311
2549
6413
6636
1610
3062
8846
5397
3626
8805
7552
9246
3518
2273
7941
3815
9897
7785
5533
5636
3769
191
4396
3512
7300
8977
3700
9770
5502
6986
2666
6125
9292
6516
6906
4874
1609
9379
9267
5444
6645
3268
250
4684
6376
6624
2155
5549
3028
9787
6127
3026
1594
8845
9854
2208
9954
791
4147
8920
8723
2842
9720
931
9124
814
8490
3232
9823
8666
9875
8499
5734
9276
3964
4516
9593
2976
9904
3532
6496
3849
6279
4483
4785
5201
6060
9666
3859
8062
4855
1669
5401
6678
3086
3525
1988
3896
974
7975
6611
3809
4604
6926
934
8263
2592
1833
7811
8115
2721
7097
5585
297
4247
488
5061
5958
7619
5355
6826
3843
964
1588
3602
2960
4931
448
9049
3708
5186
198
7185
4956
6383
8936
3874
510
5095
3063
301
6461
943
1353
9238
704
834
2031
2957
2728
225
7914
1252
2875
6502
8050
4389
8610
417
102
8411
4321
6639
5346
1267
2924
2744
6549
6966
572
3385
2075
6379
3957
3092
4300
6868
1864
5382
1103
2520
1006
3618
5898
3424
963
5688
7615
8018
9233
3959
8371
1089
4834
6063
7207
7112
1182
6219
863
7706
103
4271
9615
9951
1835
7423
8463
9327
6156
491
2358
9527
9519
7744
6605
7582
7110
8305
6418
7312
4096
2634
9922
1749
3609
4634
7857
3238
5818
2519
4211
70
9495
7188
9471
9944
2287
1581
6659
6072
5815
2578
218
9901
1196
9820
5177
6475
4256
1707
6186
3254
9468
4886
4509
7958
1983
7960
6079
6281
3497
7817
9855
7831
1152
441
7187
3921
5152
8206
6401
4564
994
7745
4736
6790
7322
6954
588
1159
7594
5605
1111
3905
2598
161
2676
8817
8878
7792
5541
5173
3122
5694
5513
9114
2827
1490
9332
1583
3821
4868
6382
9151
1277
6298
7434
68
4215
2622
5002
5891
4840
7949
5721
7084
644
4494
8166
1134
2462
71
5032
1067
1058
9845
9457
9703
8539
286
4608
4791
600
8279
5464
3175
494
8649
4239
9693
9746
8784
4410
2161
7397
2483
5344
5614
2307
9534
2276
4974
1343
181
5295
3873
2867
3291
9633
9885
6395
4021
1007
684
1913
7121
3845
4489
8590
5090
6247
8453
7524
7738
1973
1874
5038
3214
1349
1313
5156
8508
6090
4764
8200
8575
8932
4226
5969
849
8318
5417
1010
6507
5330
4310
2327
439
9587
4378
7693
3210
9317
3590
7673
3284
7707
19
5274
2874
3738
5357
7609
4201
5949
4717
744
6865
9754
2781
7169
4510
4126
4988
3818
2449
6677
9191
3141
5565
5934
9712
5857
7743
8653
1435
6650
9464
5284
5776
8647
1784
3546
7490
500
7472
7903
7931
686
3924
8479
8791
314
8736
1334
5021
8413
9518
8154
8933
2283
2091
4484
84
6538
4703
1228
3656
6105
6200
2355
1648
9160
3836
9757
4619
6233
2392
6359
2710
5867
9357
2244
1079
9749
5473
7076
6304
2870
672
9066
4103
2291
8847
8795
7714
2341
671
8393
6171
7724
5872
4446
6620
8461
8294
7053
2197
8311
7383
8869
6739
203
2351
9121
2632
523
8149
3307
2926
8437
9533
8806
8214
5602
1797
1194
109
1639
2363
6579
605
5261
2372
8243
6300
7726
5784
9685
4482
15
7420
7272
5245
2336
5311
9711
9236
4119
3586
5657
6816
4451
5365
6641
6771
4065
6133
1623
4039
5552
5925
5775
8029
7409
1612
4850
6583
464
8658
6094
1888
8707
5703
7086
8688
5831
9222
3228
8072
114
4056
716
6444
4319
3352
4465
8334
6754
5665
3839
9541
6702
8631
5083
6257
8390
2590
8570
2795
8662
4492
7373
7178
1230
9212
1290
1972
9772
1962
2200
8313
3124
753
6958
6514
9675
6551
4993
1158
3351
7584
4476
3411
6838
5085
990
3545
3784
5719
2398
139
5577
3661
460
1318
7229
9729
3264
7139
7653
9365
2182
4699
6177
1528
9446
991
4358
1401
424
2688
5617
3742
3645
6352
699
909
2480
6774
9529
6870
5915
178
6992
6439
2422
6150
143
3052
9991
5515
1543
1140
6652
815
9097
1761
2362
4531
9654
1123
6494
1883
2945
1350
1478
6450
7814
3199
8212
6616
6393
3761
8612
2280
1732
8192
3452
5277
3483
7224
6847
395
46
1373
1109
9277
1850
536
5438
1730
5138
7923
5306
1706
527
4388
2716
1216
903
7542
1302
2689
3111
8886
6763
8797
651
2210
9310
6205
7049
3851
5624
144
8194
1232
3218
1457
9856
3150
338
7215
5475
3325
5004
9131
443
9768
1303
1066
8636
6720
1004
3940
2082
3587
787
9819
3834
691
4624
8097
8489
6553
248
7763
6599
3578
3239
1154
3472
842
3643
8565
1560
9028
8601
3419
435
6961
8297
3722
5609
6188
5107
4449
9938
7869
8571
503
7870
5742
2504
2533
5501
4799
6077
120
3503
9052
1982
1265
9657
4283
9466
7581
8416
9790
9890
4171
5733
9328
3507
4934
8674
4371
4519
6351
7640
1513
6335
9381
8396
6324
5363
9525
9971
1934
6523
5394
1423
276
309
6835
5418
9664
4731
7146
345
380
9478
9423
7695
615
5228
3240
7119
447
9777
2373
1060
1260
6967
9532
7527
601
9758
2020
9838
6235
1003
4475
3660
3055
6603
5230
3109
3777
7591
2097
4340
5292
7508
5814
9039
2881
5945
3066
4437
5662
3044
6204
1177
2898
5951
2025
4873
3860
8915
7801
3966
2620
4525
8960
872
3097
5376
5384
1444
1614
3184
2444
228
3559
2856
425
8019
9535
885
35
3997
2873
5372
7876
4909
5645
4906
5582
1443
3069
8581
1796
9960
8250
422
9164
4168
2130
5942
1088
7334
5604
3265
7235
9272
8105
7610
2831
1808
2612
8356
5297
6708
7315
2201
7771
7245
8100
7697
5868
1206
882
5423
9871
6667
9100
8030
9104
5573
9372
8346
8392
2538
5517
649
5059
710
707
9250
9408
8079
8608
9112
1090
1470
1821
6697
5591
5154
5777
3181
9063
4087
8180
6833
4181
9134
2037
8713
3862
6923
2641
6070
8272
5067
6447
3131
9027
584
4911
4575
6180
7758
2891
5924
1292
3718
3096
9477
1098
7214
3622
6385
9908
1400
1489
3523
8215
5036
3013
3519
8233
6477
6000
2587
8491
2125
8763
3499
7908
4259
9296
210
5895
2038
4354
1096
9351
6028
2468
1656
2235
6126
6852
3188
6592
7350
87
7942
4464
6053
1860
8117
1378
4092
1878
113
4673
6878
9539
6089
7759
9831
5094
884
9294
2466
235
9524
8133
770
1662
6569
3681
4883
256
7137
162
8219
3166
6055
3579
88
6322
8726
3454
6394
8804
1621
1924
3555
1461
1726
4368
5655
4550
9384
8275
8985
1777
7427
5046
3374
6612
9255
1130
461
5157
5039
871
2784
2317
7305
8708
5916
2630
495
642
558
4751
2936
4639
5272
3994
6130
9902
4872
1873
9373
9644
5998
1391
8441
471
6185
6052
7806
6658
5364
9209
1605
5824
8287
8781
4889
817
9514
7251
7587
3140
2176
6007
9751
9458
9600
8155
3448
3800
2092
7302
650
2366
8694
3445
326
2760
6540
9530
2954
2420
1687
3400
1311
6142
3388
5402
7008
7842
3255
7698
9906
6814
6757
4524
6934
233
3728
6174
5871
9674
9487
706
7864
5294
8156
6533
2456
7633
2325
3958
4329
4538
9962
4913
2766
6039
992
3514
1481
7825
4061
2956
3193
2589
5539
8531
6355
680
3570
2686
9217
7115
9585
9881
4722
8447
3584
1039
1304
5354
6598
9030
9554
8528
7780
4786
2836
3083
3540
9603
8255
3401
1869
437
2345
5467
2299
1596
2118
750
2154
4771
6929
2382
7140
9598
2618
2757
9503
9528
6608
2316
5971
3088
184
8140
2175
1686
8882
9211
5172
4312
4317
3305
3118
4989
7067
7919
1025
4762
3977
8875
8842
1725
9187
1285
8587
8568
1475
3762
9293
7567
6653
1758
793
3600
4726
3016
3485
390
4587
7362
358
997
7533
4677
6086
583
7704
4057
667
5561
107
4894
45
8990
8203
7793
7809
4418
4193
5789
3543
682
1173
2206
2774
9083
22
6990
8483
1040
2123
3446
4903
1881
89
2965
6638
8365
167
3672
1163
9159
8632
9655
8337
2465
8450
7571
5026
4857
7158
4114
9502
4417
3484
4219
1295
821
9435
4169
8958
1839
2337
3488
13
3987
946
6576
9995
227
7004
8377
6206
4549
1770
6212
9295
4184
5820
2461
7233
1895
1495
2988
913
2212
9065
677
8722
2562
2339
2563
4105
574
5685
5968
5511
1607
5066
5847
5676
3389
7613
9520
4428
2909
8432
1997
4701
4163
5982
4479
7924
6172
8770
3112
2962
4462
8837
7166
6874
9957
9392
3901
2214
6326
9784
3879
6119
2656
3763
7900
3274
1184
2293
2069
7691
4326
3933
3501
3058
5999
2237
1118
4265
5633
2205
7026
300
2107
8027
3183
4128
5808
1043
6956
1540
766
1050
2975
1036
2094
6503
2802
749
5778
3502
6889
8518
3288
957
1046
6799
3490
9620
7228
970
4276
1034
7471
5168
6832
5791
2830
7419
3619
852
512
8035
263
6102
28
7006
3694
156
4486
630
1208
8955
6777
1530
3283
4167
9025
9142
7562
3162
6074
3726
4186
426
8904
3749
8418
9500
4755
5092
2448
4102
3138
9542
4904
3458
1613
6141
308
4415
8800
279
431
5876
5955
5900
4070
7531
9565
5081
4628
9816
6544
2292
5023
1375
5740
2343
5922
8742
1564
8228
3536
7473
5161
1390
9139
2707
8661
3317
2558
515
9555
9437
7079
5102
9850
9764
5042
4493
1841
786
1737
1670
3282
7255
9733
2616
5442
5288
868
4792
4708
456
333
6681
7616
954
3340
563
932
7440
8824
2135
2083
6591
1455
5262
2638
1700
7761
2297
9766
1412
6723
329
2340
377
9338
7401
3326
8991
4641
4442
7805
5866
3595
7881
7364
9454
1300
9662
8975
7672
4138
6423
2974
3916
9842
5000
9604
396
9256
777
1439
5556
2423
3465
4203
350
5906
3394
5912
4238
9591
4344
1539
5029
8193
3354
7647
513
8972
7635
7918
9750
810
4074
6649
4793
7534
4257
4686
2158
4108
7997
6586
6792
4196
3195
9013
7904
8073
4544
3984
2492
8173
1723
6876
3765
3902
6465
8112
6164
1825
8988
7160
6683
9936
2402
8596
2839
6476
2894
189
3369
1466
6665
6627
3677
9809
742
7922
2491
7318
2570
586
6283
9724
5863
7335
5744
1112
2009
6686
347
1618
9339
1409
8122
9688
5131
3246
6855
591
3975
2045
1595
8614
876
2333
1986
5622
8893
6857
6506
4860
9429
9175
9011
833
4152
4148
9168
4759
2305
6080
8465
5893
9122
980
2759
4397
9248
8901
7754
7391
3420
8513
7954
4485
2810
6045
6368
7649
3321
4642
5232
7589
5141
1572
9305
4784
5526
7099
5981
9561
157
4789
3537
7990
8924
8190
7052
9969
8858
3450
7250
5309
5873
9374
5137
4110
9271
5927
9878
9402
7782
3200
3023
6111
5567
4323
663
8536
3000
5710
2400
7388
3990
3299
5615
1197
7624
8561
9158
3719
7199
6482
8151
6022
4129
7287
7355
5420
9432
7289
6325
9849
371
6938
7675
3269
3529
6953
4241
7509
7725
9680
9578
9419
1240
2230
8481
9836
9278
659
2361
1253
7422
3209
6380
9661
1273
4458
4016
7890
7627
1790
1356
7836
3835
4404
3357
9755
7103
7365
1415
6860
2064
8635
1818
1148
9609
2787
2624
7247
3151
1545
2169
8015
480
3198
5864
5171
2438
4842
7361
8939
6337
3263
2302
2435
2755
199
6706
6915
4618
6962
3939
4908
7081
4229
3632
4808
5485
1570
758
4552
6806
5948
1518
190
3339
3223
5439
9482
8759
4360
662
4012
1643
1944
825
8198
5446
3258
7319
2745
8963
1110
2096
5498
690
3027
6829
7122
7136
5348
5062
5765
3941
9016
3724
4307
4648
8470
7602
9745
2467
2850
6293
8867
8825
4996
7548
6727
6581
9249
8178
7897
7575
9800
5823
5329
869
3272
6819
3544
6265
1969
532
1332
1527
7491
7396
1054
2677
7221
9397
1542
1939
4343
6400
3946
7066
7447
4460
3745
9808
4758
2931
4116
2213
4730
4349
8089
207
6844
9987
2878
6134
4372
3620
3466
3855
5806
2544
4715
4430
9623
9089
5414
3360
2682
1918
5126
8145
3682
9783
8218
4657
9185
8253
5612
3604
5037
1122
9630
4083
284
7165
3147
3522
7574
5008
9015
3729
7386
8548
7343
2599
2202
9791
7598
5798
1438
1846
3892
6978
1714
4050
9021
9105
8616
6687
7095
5325
8623
8877
4859
923
3644
6481
6745
2805
8868
7246
5704
1213
7512
5224
9135
4601
4942
5646
1093
1076
5282
7277
8727
8971
3596
5163
676
1857
9817
5696
4644
6190
3469
7844
5017
6675
8099
408
5239
9891
5973
611
8101
8286
6940
8381
2857
6197
4805
9935
1920
2902
1635
9257
9964
7711
7545
2227
8876
7755
5540
2546
6484
9087
6076
3598
4022
624
4594
1191
1493
2509
3625
8576
8941
6722
4537
3853
4009
9618
8227
603
7576
9557
10
1338
244
6366
9040
7159
3319
5595
4305
7956
2837
5905
8912
6595
6528
7794
6924
5299
4960
3262
9847
2272
4003
9447
7921
1114
6732
5238
4422
1369
2753
9223
1763
2454
9465
8002
675
7030
4520
2318
3148
4159
6067
5691
8550
7186
1237
4920
979
9080
2532
4976
6733
1203
9649
6703
1994
2861
2864
268
96
4331
5472
5393
9574
8175
5492
179
8945
9638
4041
168
8480
6601
1625
9740
5890
3791
1329
969
8037
803
4431
7700
5674
8471
3103
1828
7511
2226
8484
4448
7543
3736
8211
8802
1147
4246
9342
7607
1683
7804
2833
6753
1009
1711
53
324
1454
1380
7498
8639
2518
4034
7392
7486
7313
3406
2843
782
7238
9536
8055
4374
2887
1092
7102
1945
3581
2040
6932
8336
7254
8084
602
7441
7818
9646
4849
8148
5375
7733
2477
743
5594
2517
7987
3717
2824
3938
7418
8880
1406
740
2029
3826
1634
5391
3801
7123
1238
7680
293
3988
7460
7252
6939
381
3405
1760
9494
678
8000
7823
6169
5053
6996
3363
1187
7275
8182
3453
6231
125
9476
3915
1772
6338
7326
9325
5813
3104
1022
1653
2683
1368
2989
14
3206
3407
6856
9968
9811
4716
5148
3470
5877
3772
1171
86
9580
3917
4174
6176
2053
8586
6448
8690
7867
37
6333
9696
274
3639
8236
747
2434
554
2978
4727
2561
955
735
1989
7723
4809
9269
5206
4295
1330
2304
3965
8098
6240
4130
9668
6203
539
397
6201
9562
7096
2023
4139
6468
1420
9262
6308
8092
4473
3621
1533
573
6781
9022
8068
6630
2482
578
3675
8223
5005
3163
3816
4882
6099
2367
4879
78
9005
614
4515
6898
1129
6712
9670
9827
8552
5353
3281
5583
9601
3528
3253
4004
755
2266
3365
2623
6305
3362
2386
8642
6785
9978
4843
348
3473
9383
4609
391
1604
3322
405
1788
6762
7014
4209
6194
4584
4084
4812
8803
38
3949
1181
714
1384
3705
9869
9281
3065
5590
666
4583
4045
166
2568
3583
7332
3397
8066
8419
7234
5488
3308
3145
1901
3060
6909
6751
4846
4586
4901
3035
4122
3395
2670
9073
1371
2324
1984
3077
2820
6005
7735
430
1568
7314
3139
7414
7994
2174
3361
4704
3208
6143
6942
5343
4579
5759
8488
3635
1231
6370
2794
8900
8999
5404
4249
9147
559
176
5151
2164
1941
6274
7690
8238
442
4534
1716
9738
4631
4947
5244
1468
2545
3982
8579
8848
1251
6882
9410
4689
4301
2223
1293
5659
4391
9779
6908
3463
5944
5835
8436
7424
5672
569
4118
4195
968
4718
7638
4072
1317
5728
7174
5307
2615
3760
2
3577
3387
4236
2738
5
1117
8866
8142
4282
7981
8957
295
6850
2330
5221
3014
1782
5608
4011
8865
3909
4502
8788
4610
5342
8974
2885
6615
7021
2132
4777
8196
4940
8976
2356
2126
9302
5010
3786
315
363
2772
8541
725
8351
9448
8962
5408
2171
2015
402
6033
2376
7913
3912
2953
5280
1507
4161
2471
194
5109
1497
5293
8225
2275
5836
9687
8379
8184
3919
1640
6589
8153
4659
7637
4788
201
4676
1100
7884
9265
6087
4024
8201
9382
8259
453
7859
1494
3433
4376
4133
3314
922
5412
1379
2768
9127
5879
7910
3928
8511
8261
6531
1205
4303
7379
6535
132
5268
7717
4963
2727
5580
5400
4366
339
8044
2229
432
9378
6749
7306
5385
858
3613
7105
2877
505
8143
5529
5433
3136
5505
5994
9613
9415
8782
8849
1909
6811
5486
9818
4125
1637
6661
6282
4827
5166
4275
6910
5766
4207
8147
5027
6663
7010
5504
9612
2487
621
288
2643
2853
1966
7202
3161
5271
4434
8766
294
8001
2298
7376
4649
6356
4452
3629
3057
3788
8496
6637
2718
7770
6897
1736
7088
4670
3073
6769
2815
4761
5774
1382
2671
141
5988
9667
2204
5450
7080
8231
5983
4975
5578
1473
2285
6025
4043
5749
1958
3572
8684
9018
6904
3680
1759
2127
9145
8902
1949
9581
2252
2914
2460
8526
6292
3356
6147
4977
6459
8527
7885
6014
3721
1809
4749
5411
8967
3327
4682
7902
7696
1345
8655
5950
6717
6084
7808
6104
6784
3170
5265
3025
415
7399
1448
4384
2047
4338
3449
2003
9445
848
1657
7328
5276
1551
12
3399
5298
8043
7979
5725
3510
8041
3376
4370
2921
613
4800
661
2783
3936
353
50
4625
8677
7107
7044
2384
6015
2661
9659
827
5150
754
9280
529
9426
571
5491
3890
7732
2553
2497
6679
5296
3451
2459
3668
7614
2198
1498
3320
851
2194
2680
9054
5447
6848
8821
7113
343
217
6672
715
907
2809
6673
3295
311
773
3755
3072
1028
2142
9091
6112
2098
4337
2375
4581
6258
6129
908
8284
2431
5970
9706
9713
965
1991
6415
2060
7108
5960
8651
6655
734
1383
3871
2791
5899
5869
3128
365
2185
9110
3720
290
2985
1366
4346
9192
7288
2144
2417
3177
1121
1150
4436
4998
6433
6970
9155
9815
9538
8630
9837
7860
3813
7679
1488
7872
7294
721
5194
709
3883
1849
2284
6716
3129
8966
1597
5479
5795
5853
3231
4
2054
8644
2940
2475
1037
6718
1224
553
9947
5024
4261
9728
2541
9735
3779
3053
1328
7443
2934
6900
3804
8830
8116
7226
5574
9853
4660
7489
5697
7094
6432
4142
3527
537
2044
4946
7348
8440
1681
9776
8911
8720
3427
6191
9441
346
4020
3398
897
8754
9433
5701
9760
8611
7118
9316
5525
1367
7850
8335
3676
6058
9194
2042
1943
9798
8856
9167
5147
5926
6951
6662
2088
8779
9355
5389
3031
4546
5455
1186
7504
8996
7563
4783
8739
6797
7351
4772
3289
3467
5859
7878
652
409
2203
9722
5182
74
9673
3267
6782
4069
7797
7375
4589
4227
8980
3960
8640
340
887
4412
8701
1467
2762
4543
6113
8405
1322
1381
2775
3508
7193
8657
2554
634
24
768
4668
8544
1331
3235
2216
3582
3041
3158
7526
6841
5424
2812
1107
6386
7415
5516
7957
7216
8071
2644
6301
2740
3038
7333
8314
7791
1767
6062
7045
2012
8113
5603
4180
7559
8509
1628
2172
7951
8663
7779
939
7075
8088
6927
5909
7948
2994
6619
373
9055
4700
4923
9352
8981
4260
6140
1225
6794
8309
8289
3089
9195
5484
7093
999
3650
8164
6183
2507
1948
2007
105
1756
159
2601
1995
3390
7513
3157
4737
3806
6988
2748
6728
1011
6972
4216
6575
3831
7317
7432
5700
3557
9102
5429
2129
8926
2580
2437
1430
8028
8923
2121
5852
9369
3615
767
840
3833
7455
5481
9048
7970
3435
1820
3828
8352
7751
1826
5436
4232
1174
5587
3493
8633
5510
5470
4513
3275
9763
7778
150
7847
2925
4702
2122
7374
7565
3134
7029
3135
3366
2583
5722
5361
8024
2608
9910
1925
8102
9153
1411
7171
6755
7566
4251
8446
769
4097
9218
5563
9931
1358
8264
2350
4146
6509
7457
2785
6508
4235
4117
1691
1703
2050
6244
4356
7750
469
1425
5764
4352
2691
7047
6724
8929
6068
1259
4189
7849
4456
7284
164
9844
1014
1718
1563
407
5317
5537
212
2209
7599
457
4284
6647
5246
4565
8251
5045
7404
6813
3837
5405
4377
511
7070
8685
4578
4683
8459
3842
695
9736
1794
2939
6046
1827
9739
7626
4814
3792
9988
2911
5654
4622
9088
5512
9019
2114
2889
9202
8838
3015
5669
2137
1083
7402
1531
5800
4576
5500
3830
2359
282
5751
6403
1477
1667
3004
230
9589
8429
3703
451
6613
5331
3594
4306
9767
4795
7342
9060
9876
4044
8615
8350
7929
7556
55
6994
406
1668
8687
6931
9985
2269
158
5159
5074
4501
4545
837
8443
8914
7382
1525
4972
305
2391
77
4669
2713
9390
5249
7389
291
4512
1320
3009
3810
4322
9442
5266
5319
7636
63
4620
3099
1333
6571
7126
628
5962
4192
8724
6016
1137
4914
2767
5111
5448
6670
8344
9721
7938
9907
9207
3752
5547
850
7307
1917
5089
6187
4268
5140
4852
3309
7506
8749
8081
1752
604
3219
18
119
8020
2998
2536
5209
2120
6699
550
4100
3233
8916
2063
2418
5833
4218
226
5143
1315
9349
328
626
1819
9965
7205
7557
5802
8341
4429
1897
2915
4099
4055
6275
7564
5506
5088
9812
5220
732
2663
1261
792
3415
8913
1138
664
7002
6487
6018
7213
5356
6914
5732
7883
3664
3409
1792
1638
3937
9773
4741
6054
9990
541
5321
4518
4419
543
5812
1740
75
9765
2543
8061
8954
9058
5698
9684
6632
5668
5767
6228
1084
4035
1120
5545
8761
8391
8592
6271
1843
8836
2115
2428
8905
7558
7739
9193
7454
5518
8132
2207
1905
4636
6210
6302
1432
8634
7444
9884
9813
724
2394
1510
4187
9911
304
8514
3396
4613
7479
7668
1153
610
6842
6085
48
9679
5110
5903
5240
8629
7266
5894
7480
800
7523
7682
9307
738
4252
8090
6264
2983
3410
6920
6336
1077
9602
3393
9841
2473
8700
7482
5715
2560
9180
6408
1754
3648
8597
9789
7522
8417
8208
4875
6098
2173
4629
7104
5727
9586
6151
3750
21
3880
8887
8832
4571
3250
2664
5279
2436
6312
5495
9522
4272
62
973
11
3126
3403
8420
3418
6163
1745
4264
3822
1705
2168
3229
4089
5644
5586
7519
3789
4258
9241
1246
756
5133
7873
2464
9857
3100
7031
5054
2709
3008
3716
5310
8430
2228
6795
4597
7117
8609
1967
7583
5388
3358
8863
4539
5564
5570
1879
1428
4680
7100
4985
8449
6472
1682
9775
7856
4296
7367
5788
8485
4665
9806
4363
7474
1929
4559
4566
2869
4633
4445
9507
9364
953
9177
2002
8303
4765
1132
2181
4503
3910
9614
23
3805
4888
6572
2780
2380
6709
3688
9301
3864
188
1862
1063
8369
149
5428
8757
4250
6051
9363
8751
9961
2368
4810
6498
3234
7385
1993
9905
1801
6713
9200
9387
6943
8457
8827
4542
5961
403
9096
8656
8664
2076
3776
3891
9154
8468
4945
3049
2516
9839
587
640
5842
3168
1385
7499
2496
6396
7861
7475
8774
8650
3829
6536
7765
8669
4313
7658
2804
9967
2058
1964
5333
8953
4517
1106
2981
2693
4528
5747
4523
2636
8796
2286
153
1731
2752
9543
4981
2690
3252
2660
5957
5693
2503
6690
3436
3606
7395
2251
6047
8210
1509
7172
5865
556
6776
4095
9898
2904
7585
656
1837
59
8299
1590
6332
5684
8593
4156
4865
4561
5454
7184
9744
1768
3475
3412
414
4766
8389
4495
3520
696
7708
8533
1802
956
2993
6118
7899
4474
262
8293
1424
2591
2723
3287
463
4364
3995
4577
893
9515
3316
6350
2844
831
1042
8494
130
7477
5680
7866
1052
5796
6040
8948
5882
205
360
3121
1284
7381
2111
3313
4488
3306
9090
4958
846
549
3885
352
4274
5588
9945
5392
2884
4077
2514
4345
8181
8646
8247
4051
4017
1990
5546
220
5260
5499
1665
25
4499
5600
8921
9174
9253
7993
9287
1629
2140
2764
7368
5071
7309
4390
3478
8306
1081
900
6480
3823
8439
4776
6398
7035
2395
3878
5536
6617
9792
9129
8973
72
3324
8681
7128
2863
9291
4447
7540
5741
9439
3346
4278
1352
8710
2225
3302
4569
3368
6963
824
1558
9240
8505
9440
4961
6515
9404
2346
6455
7644
9946
2254
7456
4666
209
929
5170
7278
9996
4036
2628
2239
3807
6761
2834
4563
5620
2675
9830
6504
7054
7198
5748
382
1201
879
4450
7133
8472
3641
9409
229
2102
5607
5181
129
1721
7190
4740
7256
5772
1073
8670
1940
8987
1578
6750
4140
4647
9456
5449
3999
9718
7642
647
6737
9156
450
7772
9983
318
33
4471
4254
7577
4590
7766
9157
577
6980
5953
1641
8942
9143
3143
552
7236
9717
6894
9761
1875
5690
7219
140
3854
6083
5897
1710
9485
9479
2490
915
5395
5548
8258
1708
6631
7495
6123
2860
2722
399
2865
7494
4019
3886
1957
3734
2113
2043
507
4672
5993
7150
393
1268
8626
2986
4067
9462
8123
5979
6369
2793
995
5204
8224
3711
2397
3684
2180
187
668
3947
4309
9563
5522
4841
1323
2702
5457
9677
9645
1278
475
1250
8161
4394
6006
7218
8717
9919
1226
4053
2156
4359
8816
6928
3486
49
5535
1658
4237
4572
2488
3951
9009
9152
2890
798
206
596
7502
8486
719
6026
5977
6139
9004
5712
6886
4562
1922
6075
9652
3187
1795
4817
891
1108
2750
7863
9184
8388
1817
9937
2896
4459
5618
6768
4853
7678
4423
7620
5930
9628
718
9399
6984
4480
1575
3542
5783
8326
9637
9053
4851
2104
3017
7451
4507
5769
6912
472
3331
3286
6246
723
1422
2730
6153
560
1699
7950
2685
5901
7231
9882
9843
3725
5461
8852
9059
7449
9640
5050
2499
2074
4421
5315
838
8777
2277
4541
3534
6554
3076
5345
5332
7718
6223
5753
8074
4822
7940
1815
1956
3226
771
3654
8422
6747
2451
1314
272
6977
7208
655
8740
4467
9497
163
3796
6434
6243
3679
1288
4698
4885
1192
9366
3925
2048
135
3920
8600
3513
9421
6145
9228
3024
1791
568
7311
7669
3983
6037
6545
8455
5805
8322
5652
7357
2991
8828
3651
3243
9450
7337
2153
1744
841
3967
1433
4416
2754
9692
418
8947
133
2569
2501
6944
7492
9778
2211
3095
2513
6861
7767
5781
1893
1263
6270
1393
5132
1339
9068
8689
4982
3888
8237
8512
4918
2947
6740
1532
32
3767
5974
8409
8577
2215
3953
9258
6998
6114
521
8874
4063
4107
8851
6178
7340
1880
6020
9690
7012
2267
3261
6529
4713
5910
1340
7977
8053
9719
4400
2657
8959
8108
8083
5304
6237
9467
4088
3971
5896
2576
8058
5119
2515
8078
2714
8919
820
5670
8077
6859
5503
5598
8907
8529
5856
9306
9166
2196
1928
6618
7046
2946
7500
6789
6741
1370
8464
1852
8582
8811
8157
1912
772
2019
4928
4986
616
2625
7816
7436
3505
860
2725
8773
9422
1057
8873
5203
4723
3144
7892
2429
7001
2648
9026
5072
8747
3923
2481
580
8103
5793
9999
5989
3117
3333
4079
1554
3336
9508
5305
6390
7774
1688
5726
6429
3474
3754
8744
9840
7410
785
6883
9569
5757
2405
9548
6288
4062
1094
1855
3169
4970
3165
6120
1450
7716
5215
2328
7961
481
8538
5176
3732
4438
355
9747
7579
3349
701
3441
6315
1072
1348
312
4690
4231
6800
9133
3098
5848
5015
9867
6362
3710
6997
3487
202
1017
1898
504
4292
6780
9444
2274
9162
4508
2806
5463
1179
9023
5445
6759
2106
3084
3932
1389
4763
5323
6387
8475
4729
216
4113
4588
5466
6375
6378
2231
67
8982
3740
9584
9128
43
1806
3337
5058
544
6803
6902
7909
6251
116
9315
3597
1341
5782
9297
6404
5883
1437
9208
7257
7775
867
5283
7464
5360
452
2344
8119
5202
7407
6907
8585
9070
6555
5259
7260
204
5760
1000
3552
4692
864
6002
7109
826
7943
938
7191
7162
4031
7826
6726
9958
5790
5347
6471
862
1217
3080
1210
9107
9377
6989
6384
155
1097
7895
9695
3011
3850
4854
9086
581
5031
8017
3120
8938
6372
8502
6495
3127
8787
9926
1241
5048
736
8134
3634
6893
9786
9622
7069
4188
6166
6454
8094
3550
7601
6489
5019
8547
7023
2383
7462
7538
316
4304
388
5097
4124
3504
6742
5153
4582
2698
6242
5200
5120
9537
3530
3511
7832
185
5080
2639
4830
8532
2281
9619
6688
2261
8860
5606
9050
5496
3189
3506
2278
3551
1427
3706
607
9956
306
3335
1519
9492
8730
2018
3142
9781
3739
3054
2178
4183
5452
5142
7784
6548
4943
8799
4895
5158
2631
3006
2301
8969
3423
8510
1426
8864
7671
9737
171
4744
321
9769
1139
575
4094
9707
2963
5870
5016
3476
4405
6029
6685
2731
8340
679
6234
2001
4441
9198
1479
8435
9176
6159
8672
1164
9676
5381
514
4273
4200
1832
1104
5302
795
6469
7354
4663
6698
1547
1242
940
2290
8394
2000
3355
1876
1364
6899
5198
6443
470
8792
880
2476
6483
5919
9976
5825
6965
7730
5829
3875
775
9334
6916
8317
4953
401
4115
3692
1914
2421
3671
1151
8535
224
5807
9224
986
1780
462
9531
3456
7485
5787
618
570
4379
5187
5350
4385
6071
859
243
9982
3798
7437
9150
5933
8424
7988
1577
8573
8362
172
175
7059
8012
7301
4922
1847
982
2662
9077
8588
3204
4950
4093
4838
4952
784
7448
1354
9616
8566
2502
2778
5553
6328
2016
1262
492
9480
576
5874
4681
7580
2311
2369
5075
1482
5425
2257
3481
7546
6019
5937
5106
51
4602
4775
3533
5952
6371
5476
8415
7134
1214
6239
4858
3585
6891
4059
5237
4006
8295
336
9896
234
1363
4742
3968
6329
8308
7654
3003
847
2992
4790
7939
3113
4362
7390
7888
9330
7650
6135
4157
4308
257
5560
8702
6564
6136
61
3607
8925
7356
4646
5165
4409
1256
9716
5711
5318
3678
4674
7666
9617
8671
5656
2678
4153
7018
4208
5312
3377
6711
8135
6220
8910
2296
2387
3455
1704
9491
5542
4678
7170
7032
269
3432
7853
177
6979
5658
9915
4782
9093
9914
2539
637
4440
7111
9928
137
6867
1476
8625
3149
6486
9283
8070
2659
8665
737
5780
2109
2627
3744
7651
4224
1865
1234
3808
1630
7426
2917
5702
1985
1012
3564
1199
506
8495
3051
5729
6109
2412
1516
7297
5114
258
3820
9331
1189
6428
7370
6184
3378
1565
1161
8834
7204
9356
9822
5077
5278
6788
7705
9804
4794
3985
4595
4387
7777
9588
6527
1741
705
1585
2409
9046
416
9072
2149
2866
520
238
9279
9115
9182
4991
9029
5840
2932
5162
8922
3315
9407
7068
6110
7597
3663
5462
9848
6050
2439
4453
1505
1086
6440
2234
9470
633
9161
2711
589
8120
8407
2720
7854
1779
5682
1239
8398
4081
342
4288
708
265
351
2799
1396
9595
9877
4767
5809
2796
6294
7293
9681
1524
5792
4995
799
9034
246
8312
2586
454
835
4104
423
1771
1414
4863
4748
1548
9705
367
6888
2913
9582
8949
5440
7091
8290
9239
1229
582
3443
5025
9396
7736
6877
3227
6822
9044
4890
3498
5426
9322
7868
2918
7800
6407
3094
5068
1838
5716
2190
320
3918
4225
4269
8257
1974
7378
6901
3944
8332
7040
1673
7648
7789
5834
5096
6320
5584
9094
3297
2800
8431
2440
8221
5082
1185
1141
7603
237
3640
987
498
85
8756
9092
5441
2353
8338
5267
5557
972
1692
4769
3082
8428
5985
3737
9710
7071
344
3216
526
4111
9347
3489
8591
3753
2243
465
7858
3236
4638
1773
7828
6108
7248
2550
7435
7592
7078
975
6736
2426
7503
3691
9163
5746
5889
4694
2485
4877
5207
5920
486
5487
6871
6622
122
8714
6983
3746
7852
6532
2407
697
3251
3811
2310
8721
9573
3526
8383
5033
2613
5373
2971
8678
410
8425
2626
6610
6517
1645
2505
6945
6097
6343
57
776
8530
7200
5336
8870
7131
6286
4320
8706
6438
7835
4279
5086
325
745
8179
9252
2605
1091
7130
9149
2895
2645
7358
2742
9686
8719
9082
5458
8285
3897
9689
7345
6069
9473
3707
6999
6880
8559
1664
2021
1549
7244
6896
2381
9903
362
2571
5482
8039
1394
9509
7803
4750
1195
8451
2880
6773
6209
9138
2349
7810
5390
3414
6122
6684
8316
1680
5904
8433
7384
3962
5199
1502
1746
5247
1601
9078
4905
8979
7974
5490
3704
1910
4299
4033
3047
4781
1404
8840
1095
4015
4719
2159
5216
2068
1064
7181
1188
8549
2512
7992
905
3043
4804
5243
2851
6381
9859
8542
3042
334
2892
7554
8520
8249
2948
7840
1586
7916
8500
1522
7645
8054
6152
4155
1765
8871
5887
5226
9553
8404
7687
4615
8983
2033
2073
8245
1157
7936
4176
5014
1070
6254
6106
9635
8302
4836
2163
145
2786
1511
3756
8599
4367
9231
4170
4350
5845
7721
7056
1830
7947
3110
7827
7262
1654
1361
1932
2006
4664
8970
8265
3247
6344
6921
7022
7729
6660
4685
9889
7064
2534
6547
6388
259
3194
5358
9368
9117
1544
5975
6373
9081
531
5263
3022
8282
3290
2186
2139
2271
7634
6644
5270
4819
40
3102
4709
2585
6626
7092
9270
8815
8767
4461
8067
2247
5427
3515
9484
8753
7665
542
3191
4470
3007
7569
3492
1800
1919
8652
1279
9774
3434
9981
5211
5155
2026
3657
890
1257
5269
5241
3221
9489
6930
9725
1274
4746
7727
9799
6648
8793
2572
9643
3913
2241
7560
3370
7966
5078
8127
9814
947
4325
7891
7670
2732
2838
2087
6947
8298
2401
9148
8891
9042
9927
3030
1321
5907
4733
1484
6012
1291
9930
1105
6339
6001
4984
271
8643
9597
9146
519
5396
6181
1951
8898
97
2779
5611
9036
7510
1720
6327
6330
1306
9308
3856
9098
482
4867
3817
7074
5007
998
182
6451
5773
1316
1357
1552
2996
1789
6787
2821
7551
4166
8850
9062
3353
8843
5843
9375
7661
993
4199
7807
5195
935
2446
2263
2416
9420
6925
413
7677
9007
525
6941
7283
478
8786
6225
1074
3033
9546
6764
895
9665
9095
3212
4752
6065
6756
8906
5987
2597
3495
1308
711
6770
9605
1402
7195
9170
3050
7144
2332
372
3105
8889
712
5884
7989
2858
2835
6987
2694
4887
1178
5489
2897
4420
3554
7590
8638
9941
5144
7521
6522
6017
9336
9427
3950
6313
5300
6559
5841
1678
7710
6872
3624
2761
4333
5378
3898
4286
763
9887
4411
6765
7175
7631
1442
959
9119
4285
579
6744
3780
2248
3571
3125
6207
7089
8345
8410
1715
3713
1113
4210
5056
3565
8473
1840
4481
3249
6093
4653
8347
3431
3978
1701
331
17
4143
4005
6101
8226
1506
8654
8673
2264
9259
3524
1127
8578
9251
1418
1584
8712
7815
8080
9326
7452
9861
7000
6976
192
3574
8170
9953
3955
266
873
4145
7586
5686
5422
2303
7641
4230
3179
7431
6730
7570
9802
253
5451
881
8968
9424
660
6427
3032
9069
7063
2133
9071
3903
8997
4754
5112
4514
6213
4797
2352
7153
8204
5116
5225
4151
9700
6948
8186
313
843
2030
1992
2145
5630
8691
6215
7795
6625
7271
823
298
593
3667
9084
1162
112
1787
4172
1335
4979
9141
5755
1676
1647
337
2493
2331
4160
4511
757
4607
4738
1119
9354
2486
9225
4220
379
9579
466
3701
3276
6710
9038
4120
759
6307
5386
7573
2735
4443
7530
1487
6061
1204
4774
2817
3039
3402
9173
3642
1742
3935
9311
8477
2919
2357
9734
9752
2089
2056
6467
1075
689
9483
8943
1636
8380
6049
4987
7478
7393
8376
6230
8397
4580
687
2124
3867
6273
1582
8139
7156
806
8256
6248
8697
6809
1212
2528
2651
5256
6840
4912
7937
2474
9608
2147
8022
9642
5837
8993
6202
5129
5421
2987
4185
2818
5178
323
2559
6260
4968
4623
4935
2078
7709
9658
123
595
8052
6410
9064
1592
9501
2329
8126
8703
8765
8807
4655
3329
9181
632
6474
9367
7685
7547
5128
989
4954
8835
717
2099
6884
6701
836
6693
3900
9780
91
3857
9199
5222
7496
5028
1927
3970
5677
8406
6563
978
3215
9436
1573
3342
3727
9826
9394
4964
7600
8060
2650
197
7439
7465
3381
1675
4728
612
5967
4635
8569
4297
8890
2143
436
3599
4032
5434
731
4971
8768
420
361
6092
3426
5738
1021
4735
1977
5124
4078
4778
3211
8085
5437
3979
5193
4380
2941
3348
5483
8908
6843
8894
2472
9235
6492
9997
6342
4497
7341
6144
9975
4892
8109
5063
9762
9242
5743
1900
5935
9220
8617
7664
6199
6289
3926
4779
7394
1978
8885
4212
1156
444
6831
8780
3731
9014
6441
7757
2859
7683
9431
5367
2854
1019
4829
4332
808
9759
6137
2548
3425
7161
8937
4973
1434
6666
3459
4617
1696
7296
2262
3509
9300
2319
3803
4815
8603
1048
8839
9362
8961
4554
7839
111
3422
2453
1045
8515
3237
1359
4106
5589
7
4917
9203
2255
1689
996
485
254
7926
5771
8992
4656
4835
6117
8137
8558
6669
6038
7483
4025
4916
4382
3907
5118
9517
6303
9691
434
2529
9120
5817
8160
5661
3245
9973
8748
8927
387
474
6657
7413
4234
7905
7065
1451
1856
3674
2733
7352
1207
1018
5664
8790
2930
4614
52
1491
2220
5459
2086
8129
1863
7998
7167
8789
9933
807
1868
3548
1580
2061
9304
608
9312
6570
8187
8355
6946
9461
6096
5663
5419
6
2403
5911
1200
1417
4392
134
5253
1775
2288
5651
8899
7894
4866
7211
2219
3623
1227
136
5100
7461
1976
8798
2782
7813
2495
3659
2525
6473
6862
4803
4955
920
3576
3301
3203
8069
4999
9923
1854
211
7433
2183
93
5480
7549
4267
9516
3793
283
2697
278
4221
665
2574
9376
5648
7308
6519
8833
780
9694
9970
3182
8930
830
4112
5349
6208
5125
8682
1053
6458
8584
7741
9592
6982
1144
9505
4248
889
2524
1099
8324
4132
7843
9360
8240
8096
5551
8375
4008
1631
7051
9864
4253
7360
9067
7445
6635
606
222
1059
6511
8034
6297
2222
477
2944
6238
9348
4599
341
1954
7728
92
9118
4064
6032
193
2886
6825
8474
4585
2840
1698
1931
2699
2342
3646
9043
4967
1136
5398
7347
1735
6057
8613
7269
5538
213
3159
5130
4632
7812
669
1677
5653
4932
3494
5619
7911
9893
7330
2540
8604
9216
9920
4293
6539
4040
7848
9003
5184
146
3421
8564
7148
5234
169
1281
3889
9650
3603
3690
8517
3636
5671
9101
4831
4667
944
8086
7227
2829
4626
4548
7274
5936
2712
2832
4927
6779
2535
8734
8358
5997
7168
1757
8482
3914
631
3192
7529
2447
9303
8209
8478
1149
4435
7737
6682
4880
8281
3259
2603
5044
9872
533
1362
1027
8288
7249
4556
4263
1221
8563
8118
2240
7838
27
4280
1372
1799
6414
5374
6991
7662
1783
6179
2110
1685
8504
6995
1342
796
6704
3876
9732
6793
1896
9412
7768
779
1963
3658
8104
8883
1165
8624
9564
3185
7618
6027
8167
3093
1559
1069
4553
7387
2729
5041
3973
9942
1407
7241
8964
4361
241
4198
1953
6157
2334
4135
3611
3114
1456
7880
8270
8698
1254
1536
1071
1065
7855
4821
4255
384
4526
8300
1449
6760
547
1167
20
1398
1882
4427
2049
8230
9455
2119
8680
4173
7101
9136
374
7222
2157
8801
1504
8378
534
3945
7240
7138
5303
6035
2937
3569
9358
9320
9671
4926
6824
118
6565
5430
4919
2769
906
693
3714
7912
5212
1816
1702
6964
2579
3172
8172
6488
1890
3841
6431
8879
9469
5334
2103
6600
3371
3899
2968
7578
8775
9866
1169
7353
2828
4014
8373
7265
1068
5407
359
5610
5709
2347
7865
1870
3318
3392
1600
6277
152
1907
1078
528
3751
7043
1965
9230
5275
8762
4813
8049
9076
7135
4298
5921
5626
7692
7901
3992
242
7467
3164
4570
3300
7796
7039
9385
3439
5527
5964
4075
1469
6738
951
2138
5001
788
9395
2734
6167
4658
4630
1220
8823
1024
9629
3630
3963
5559
7984
4240
5013
6590
7769
8320
3638
3491
6501
811
8557
2433
4691
8191
3844
845
4826
683
4687
3652
7935
3034
925
6116
7005
1280
9549
4085
6253
4179
3298
8859
7149
9801
8772
7550
3894
5233
1305
214
8818
962
1183
1804
6266
3617
2901
1887
3438
590
2250
8372
7090
4567
9313
6593
3343
748
1029
4341
4052
3943
3447
6284
8704
6955
479
9631
6479
8384
3347
7192
3428
4938
421
1729
5660
9463
1987
567
3130
1344
5416
8213
4847
9244
7821
8501
9879
2450
9771
2825
3556
4693
5219
3887
4134
9413
5683
6323
9521
2489
9428
4468
1764
8401
2692
1282
8487
8555
9714
2378
1296
6731
8032
9474
6786
653
3480
1557
2055
5146
4558
251
3430
9001
7230
2977
6155
9596
6628
2424
3020
1649
8695
1515
6319
658
6252
9353
36
3413
9188
4820
3689
7463
7041
3986
8004
5943
5635
5986
1750
9247
6766
5785
1674
794
6913
3956
7657
106
5314
774
8026
2852
1733
9575
7298
8276
3758
468
5134
6269
7268
5227
9453
5932
2765
6911
151
7625
1971
2498
7622
2773
100
902
5369
1980
126
8327
1574
9237
2717
3580
6154
5179
4933
2035
9488
2071
7980
473
8291
1062
5972
5105
2681
8220
8412
8176
928
3605
6170
2826
5043
3477
8359
7212
5631
9551
440
1561
760
4123
5650
389
6918
5399
8466
8965
6287
6348
7760
5629
8595
6985
8091
5460
9832
5214
8232
1243
5534
2684
148
8560
5018
5940
8497
7907
6568
6059
3616
1567
9000
1541
2577
5692
1309
1766
4068
870
2116
3787
2232
3241
7037
1346
3563
1690
7077
8683
819
6392
73
6707
2973
2929
2862
8202
2242
8452
1611
9663
8594
4876
7643
3558
4491
2700
2224
7196
7963
7822
6227
3152
977
3045
368
3931
3087
1798
5649
7532
9974
9
9932
3893
3294
3464
1933
1755
8421
6805
6259
2868
1388
2046
5264
4907
3785
3067
3271
3824
9085
2112
8589
1377
4980
1546
7972
8862
4233
5456
9611
1719
1834
1047
7652
6291
7189
8711
6596
2004
8812
5801
2151
5678
7405
8051
8114
9319
8046
2751
8928
3167
3304
2013
8523
9186
8385
1892
1743
7411
9405
9284
1033
7787
6310
6463
5052
7968
8562
8699
6036
1464
4000
1116
2005
1030
912
6146
9834
2389
7703
2300
9796
4165
7085
4714
2705
2080
1916
354
5231
2034
6715
5562
6879
1935
7487
8076
2160
5122
2217
3952
9113
918
5087
1176
5770
3367
6839
952
3783
8498
1276
8808
8434
7403
6095
629
1679
404
9909
3224
1082
8951
2614
2967
6214
7232
490
1894
8892
2667
2320
9024
5320
5435
9568
8705
3575
865
30
7959
9558
7837
8618
6695
4768
8715
3482
3293
7667
9393
1347
2596
5196
3404
4026
2617
6607
1500
6845
8516
8769
2883
4197
7087
3712
5478
6364
1416
6367
7458
8738
317
1298
1287
1395
3323
4487
1859
6107
6290
6975
9183
8758
1717
6360
3196
9934
875
1517
911
3201
8301
5135
3790
599
5183
6560
4833
9002
2912
5191
8857
7507
3702
3865
919
3205
4175
6743
8641
8444
496
7320
240
8660
4469
6642
5530
2136
960
1051
5623
7773
2199
31
285
383
8679
5286
2610
5070
4324
2808
5208
6317
4342
98
4037
976
64
6374
5675
4944
8056
8844
5250
170
9917
4217
4802
866
5035
4141
2823
7764
5060
6643
3372
4591
499
6696
6195
2855
2039
5991
7659
1269
7220
8567
6895
438
8023
1436
3697
7535
8374
4969
260
3942
6959
7969
6588
5180
6128
7164
5708
7154
1975
7516
7802
7025
2658
1811
127
9647
4757
1858
1399
4900
5984
564
6004
6775
9008
4861
6449
3904
3686
673
3225
6411
530
5616
7116
2455
3056
2719
7141
6981
3562
6232
8125
9805
2479
394
9438
2010
6513
3662
2081
3709
2052
7359
7925
4695
3561
6629
3021
1175
7469
1133
9730
4042
4978
9344
3989
3954
7210
2268
2747
5291
4506
4753
6851
3046
1961
9870
9860
6892
4574
1569
4270
4311
2441
9607
4881
6011
9892
1486
894
3119
7694
585
1026
6023
356
7753
9333
6578
4878
765
6285
7713
6584
6100
1431
8216
4962
1751
9883
5888
7114
9490
6192
7177
8764
949
6149
8269
3160
1998
933
2607
6818
8349
7408
6561
3173
8743
9006
9234
174
702
6221
7366
4149
2581
7132
8556
8458
9205
3468
2949
385
3171
369
6409
7518
3146
739
2165
4939
518
2982
2849
6189
5362
3592
76
6621
3573
7263
6078
9475
9243
6389
5642
5643
8998
3217
1376
8045
6748
95
1877
3010
1793
1374
5406
261
8506
9108
7930
6357
4598
5121
9321
7470
4127
1245
4007
4351
9391
5819
2803
4780
7324
5544
7261
7952
9359
7986
5638
2014
9057
1459
160
8442
5572
90
5034
4965
3079
3266
4796
1587
8540
4328
3872
1562
4605
7528
1032
8771
1215
7143
3197
9660
2028
3881
2027
2958
7027
5524
6903
1831
5965
2067
9863
4049
6013
2445
3627
5223
7438
280
7689
2294
9653
4747
5666
7062
8354
357
4603
9782
5443
281
5380
4086
5679
6869
4027
6574
3715
6318
4091
2166
4290
2256
1020
2430
6801
4893
508
961
8382
4204
4869
7886
910
2899
2602
2321
936
1937
2703
3948
6437
2245
2179
5811
296
5647
4679
4425
5076
9795
9948
5189
9918
6821
4787
4348
1492
3248
8888
4925
6121
4098
8746
8235
9169
1008
5632
6854
2673
9577
8234
9380
4651
813
5022
3090
8574
5990
3819
8521
2788
7290
3612
8131
7612
6937
249
2478
7299
476
9709
1336
1889
2500
5799
5992
2348
2187
1576
2279
2511
2385
1160
3012
3782
8267
4551
6412
9829
2687
7608
5597
988
622
1891
9452
4109
3244
6802
7327
1286
6933
4540
3882
5914
1526
5575
9451
1644
6436
7416
6425
2022
4848
9621
6585
5084
7033
489
2647
8785
3132
7962
8403
322
5966
4046
5160
2905
9627
9201
1248
9794
8438
6490
7316
2377
5596
762
6566
7281
2410
7790
8619
2646
2253
8402
877
2882
3373
7273
899
1126
4339
4398
6556
7428
8456
4490
2621
7259
5123
789
983
8476
6550
3665
5210
419
1728
4652
3116
4334
6725
3539
7325
128
1553
8709
1503
7484
1970
9921
7055
277
7734
4407
8262
6692
5338
5003
7906
2807
8598
1709
1684
5164
1016
926
6278
9171
2565
9425
5218
761
7203
9567
892
3637
985
3768
2801
874
8082
6466
7015
173
8735
620
7915
5634
4929
2146
9033
6262
5555
9873
945
1270
8776
9273
2649
4611
5258
1550
802
7617
8741
4504
8426
7965
6309
7339
9371
2315
8065
1249
4760
4355
9227
8462
4432
8370
9204
2238
1101
3868
3567
9894
1275
9346
9590
5049
888
7788
6735
5103
8692
2041
4870
3256
6088
2032
3018
6827
6567
2741
1128
1942
8524
6276
6056
2995
1460
7588
1447
154
1462
3670
1031
2393
3993
5091
4336
5073
8917
9570
7983
1555
2259
7264
5826
5592
1950
5761
9821
5554
8197
6705
8110
9289
9868
273
4621
5432
9723
108
741
1222
6295
8414
200
7163
2313
6256
3061
9165
9810
7882
8950
9639
6464
3695
5963
8460
9324
4287
5497
5569
9512
6875
3814
2736
8737
9825
2674
3669
1035
3332
6664
2354
3220
6030
8718
1061
8537
4696
4828
7344
6491
9672
8829
5257
6261
855
2916
927
267
1810
8188
597
6562
7377
2933
3296
4662
688
4472
3774
4801
4365
5099
4823
4315
1748
3278
6810
47
6341
3230
9912
138
861
3496
9099
1474
9998
2270
7740
9552
4266
6424
921
4402
4949
6557
1960
5621
219
4393
9498
1579
3064
7180
255
7038
2816
8331
3280
1264
1049
5931
3852
6746
4725
7833
