6905
7833
7242
4725
6158
6746
5902
3852
7719
5931
2606
1049
8010
1264
904
3280
950
8331
9416
2816
3683
7038
7887
255
7120
7180
6334
3064
4028
1579
1642
9498
3825
4393
1521
219
7336
5621
3601
1960
5735
6557
2537
4949
8248
4402
7239
921
7604
6424
4725
3852
1049
1264
3280
2816
255
3064
1579
4393
219
1960
4949
4402
921
4266
2270
1474
3496
861
138
3230
47
3278
1748
4315
4823
4365
4801
3774
4472
688
4662
3296
2933
597
1810
267
927
2916
855
4828
4696
1061
3220
2354
3332
1035
3669
2674
7833
6746
5931
8331
7038
7180
9498
5621
6557
6424
9552
7740
9998
9099
9912
6341
6810
5099
7377
6562
8188
6261
5257
8829
9672
6491
7344
8537
8718
6030
6664
9825
8737
6875
9512
5569
5497
9324
8460
5963
6464
9639
8950
7882
9810
9165
6256
7163
8414
6295
